x,y
5.360752471018628285e+00,5.852277422619629021e+00
5.356499657096271072e+00,5.805270756552099343e+00
5.344911633098342385e+00,5.753694421191471342e+00
5.327381646633313927e+00,5.712020785360500064e+00
5.299319126359542942e+00,5.670662173359142244e+00
5.260618849494685279e+00,5.633034503657399661e+00
5.210134829012043056e+00,5.596688631580157391e+00
5.153974289335500281e+00,5.567843563280828967e+00
5.091524050232614229e+00,5.543061639452814049e+00
5.029385911116556862e+00,5.525435422543843345e+00
4.964651694689714567e+00,5.515668930117599622e+00
4.898375142144528738e+00,5.510816554172328630e+00
4.835054598989385610e+00,5.513523834824914260e+00
4.781156189129686318e+00,5.520710372684928480e+00
4.724408451952414545e+00,5.532932708200570815e+00
4.678162527393800119e+00,5.549263634732313655e+00
4.642672436976871708e+00,5.573588694384571163e+00
4.613856266457585953e+00,5.602859720266756938e+00
4.580396655125285932e+00,5.636418350078942652e+00
4.559073651915185543e+00,5.679626073356800475e+00
4.541885960201357264e+00,5.730353089443114278e+00
4.538938341662356990e+00,5.784172948472227738e+00
4.526782579719971444e+00,5.841919705814100361e+00
4.521771225591357357e+00,5.908438685353213593e+00
4.523235917435328268e+00,5.970612550338443292e+00
4.522033451284642958e+00,6.030279053752100715e+00
4.516894847812842784e+00,6.087794780088857216e+00
4.512841037956099477e+00,6.138431206872271062e+00
4.512762696377514260e+00,6.183423232233914213e+00
4.515257302529671612e+00,6.220539731246156556e+00
4.516677486166499556e+00,6.252244494199429070e+00
4.523335915129328200e+00,6.277950875463543134e+00
4.531524437344857326e+00,6.300515220374828473e+00
4.537241381347842939e+00,6.319376863103100206e+00
4.541574141508013973e+00,6.332847808959557234e+00
4.554751520690714095e+00,6.345649707988928689e+00
4.564245418079271310e+00,6.352838872542214688e+00
4.579141388701914117e+00,6.358402536637257185e+00
4.593025749327471985e+00,6.363337489074543107e+00
4.618627658076328579e+00,6.365057151574900374e+00
4.640072932648471316e+00,6.366820092055228919e+00
4.671831540334899557e+00,6.364659979150171232e+00
4.705923439252985396e+00,6.363547864654499620e+00
4.740030406488285664e+00,6.360781511443599712e+00
4.783320421605028017e+00,6.358675939365342700e+00
4.823621304565685719e+00,6.352919503640171328e+00
4.876374867065828234e+00,6.348382209402271492e+00
4.928088564223899404e+00,6.340620672132899927e+00
4.983761543676870964e+00,6.330810093539899874e+00
5.040349845010928753e+00,6.317196322412385712e+00
5.096502219081357588e+00,6.299209628399614402e+00
5.155683009506414116e+00,6.273723006718356920e+00
5.208579894073314343e+00,6.242702501559799444e+00
5.263916282033028970e+00,6.200585591996913948e+00
5.313518289733042188e+00,6.149555067776028672e+00
5.353728563668814999e+00,6.094914771992442581e+00
5.389914367743114276e+00,6.031655797669828623e+00
5.413289029135957442e+00,5.974850925543928604e+00
5.433049671072486042e+00,5.913102782304299865e+00
5.446281940452014858e+00,5.859802881112528894e+00
5.458489747193757680e+00,5.799994013968171380e+00
5.466659784709443137e+00,5.752714071882043534e+00
5.474860834268542753e+00,5.706319827138571554e+00
5.484315868768757873e+00,5.657624792394543078e+00
5.492472336073627837e+00,5.618877142642242362e+00
5.501075839302028037e+00,5.583535690883814517e+00
5.512949823981285746e+00,5.553580279434756406e+00
5.527457327873300130e+00,5.522257132256071621e+00
5.540972578649729030e+00,5.501167918381885791e+00
5.556274135938056524e+00,5.482251684017900750e+00
5.572068199043386016e+00,5.465266764748970552e+00
5.585084383963713428e+00,5.450136748715899593e+00
5.607009994333528979e+00,5.438817214014513901e+00
5.624659494536971671e+00,5.429952247442742852e+00
5.640663262552856771e+00,5.423157308270657673e+00
5.668552790442042522e+00,5.417971636062199892e+00
5.693294764737628633e+00,5.412286765999000160e+00
5.715612919599200481e+00,5.408860811123142653e+00
5.749555203409328463e+00,5.403784025629856380e+00
5.779892686110671640e+00,5.402146277786628481e+00
5.824127968092071228e+00,5.398239417584200339e+00
5.859712887724685793e+00,5.393180365907271678e+00
5.897529798100814347e+00,5.388119038684414441e+00
5.944248012982242813e+00,5.381391919263713852e+00
5.990120265407214539e+00,5.373402621316671457e+00
6.035686771540042628e+00,5.362951950332056406e+00
6.084970725734799579e+00,5.350269202669200475e+00
6.131161392646157005e+00,5.332744637675142840e+00
6.176082888932514336e+00,5.310545020373657721e+00
6.221352718110500390e+00,5.281701552661728805e+00
6.258510920505785613e+00,5.249877187294286429e+00
6.296628323275200501e+00,5.210003629398356928e+00
6.328127907256728690e+00,5.163789234968729325e+00
6.355356197634271176e+00,5.114207626073143054e+00
6.378478124330814403e+00,5.060955355212585438e+00
6.395187868549986554e+00,5.007760433867285421e+00
6.406939689203171362e+00,4.962919632121157498e+00
6.416969175215828436e+00,4.905550374249714629e+00
6.420173613602129237e+00,4.863529186694414364e+00
6.421935441314357895e+00,4.815228914300257124e+00
6.421531130419842803e+00,4.774386764212785295e+00
6.415695758325400178e+00,4.728724372965628753e+00
6.408726378407529012e+00,4.690628126573357370e+00
6.395605010064857154e+00,4.653442555729514041e+00
6.376478472662628683e+00,4.624274783369656916e+00
6.358533734959586070e+00,4.596038238623785688e+00
6.330923098651614289e+00,4.565592815266728444e+00
6.301828716277385389e+00,4.546215824732942501e+00
6.268323329484642770e+00,4.521105436652757881e+00
6.232605068604785359e+00,4.502887121726343089e+00
6.185449053660542873e+00,4.478118027081371189e+00
6.132625733051185968e+00,4.456124874141329073e+00
6.076952716992843229e+00,4.435494301382442828e+00
6.012357414448671555e+00,4.405731243624228632e+00
5.949119447049814546e+00,4.379217190580228625e+00
5.887695016424628669e+00,4.354429922035157219e+00
5.833236497216971905e+00,4.328400546606099297e+00
5.782501508220886599e+00,4.295463514963114626e+00
5.736300807314771433e+00,4.263652507102257516e+00
5.700830754863170924e+00,4.233824055116828688e+00
5.673845979726157118e+00,4.202376405050728181e+00
5.650322262867986112e+00,4.176474424487685688e+00
5.636082071183643016e+00,4.141093094675371233e+00
5.626129496206258018e+00,4.110088514923871728e+00
5.621777764038728087e+00,4.069158929865600349e+00
5.623216104729157117e+00,4.031450346777471161e+00
5.630268424514042636e+00,3.987121024046271778e+00
5.645020828256200218e+00,3.943542279744143286e+00
5.664094535152456977e+00,3.905209231981771723e+00
5.698809845946700037e+00,3.856598478529527974e+00
5.740447448119113893e+00,3.810762451111371796e+00
5.779827553438300569e+00,3.777727920396128702e+00
5.825260261384257454e+00,3.749470184486800584e+00
5.866857378578084870e+00,3.730372814883899935e+00
5.911103733636271507e+00,3.717387958923600522e+00
5.951097780821699601e+00,3.710263010808557915e+00
5.993230252946385228e+00,3.716363078479585802e+00
6.035587180204985636e+00,3.729771071714170994e+00
6.073134605890014193e+00,3.750148008985271453e+00
6.115462610899871088e+00,3.783016476552600871e+00
6.157503610693543017e+00,3.823140492822829195e+00
6.190794645563713949e+00,3.860401472951285662e+00
6.219115068615185926e+00,3.907307749932171781e+00
6.236440276864528620e+00,3.956942419419900325e+00
6.239995466633471821e+00,3.996073210677042020e+00
6.236632474447442398e+00,4.035749439151014251e+00
6.221197886280271483e+00,4.078786690003413540e+00
6.196541671826842901e+00,4.118807019947700709e+00
6.163745195474085392e+00,4.154876963736929163e+00
6.122310374408214351e+00,4.188280321861713951e+00
6.078465260974772022e+00,4.214448669201528830e+00
6.023467246666713848e+00,4.234513707528628323e+00
5.970195480651757869e+00,4.245035910435157156e+00
5.930007616973285600e+00,4.240803396766742672e+00
5.884034424025671228e+00,4.230356081326843487e+00
5.835779060644214589e+00,4.208746510364685278e+00
5.785494351365857213e+00,4.175376119043185952e+00
5.740199976604642984e+00,4.134131565589085788e+00
5.697790132090585935e+00,4.086672817704013916e+00
5.664910374796299664e+00,4.036845917074056267e+00
5.636710855342029092e+00,3.980423389168643133e+00
5.619667333045870627e+00,3.929229874694571301e+00
5.605636530066185230e+00,3.880186529426071118e+00
5.598614020192885121e+00,3.837582011779042901e+00
5.598533428194043537e+00,3.794117693251228829e+00
5.599340842779585437e+00,3.754500396715000576e+00
5.605683923174415106e+00,3.719113933206899425e+00
5.619266107297685053e+00,3.694515131287685605e+00
5.634291055421828176e+00,3.664743726541700219e+00
5.659042888842257035e+00,3.642695461627085685e+00
5.689146503396671051e+00,3.622883781917942692e+00
5.724216475958257000e+00,3.612060319427300215e+00
5.763665894864757000e+00,3.598610756559942558e+00
5.811260637882128322e+00,3.590438664649814982e+00
5.863792099143686265e+00,3.578576659465729115e+00
5.920475980367342572e+00,3.567471406538699874e+00
5.981261166825599496e+00,3.555369256440057413e+00
6.042223197166157078e+00,3.538957134964742401e+00
6.101491664229314438e+00,3.525584153911156982e+00
6.156193716229743096e+00,3.516233549653599688e+00
6.205667545749871117e+00,3.507535161431985848e+00
6.244447783158243226e+00,3.501978187925928410e+00
6.279274160282743544e+00,3.496805978842271401e+00
6.307587093800757216e+00,3.498489122799186113e+00
6.335670899394985511e+00,3.493589628619942822e+00
6.356525852056014614e+00,3.492017710142429010e+00
6.373175078209613709e+00,3.492988599054328347e+00
6.388524023505014249e+00,3.497673983177785217e+00
6.401924968899057156e+00,3.502472725465342940e+00
6.411574234653628857e+00,3.508099390137043194e+00
6.421060043433471698e+00,3.513723048644000535e+00
6.428322614331714036e+00,3.518513936174985979e+00
6.434474017743985641e+00,3.526015319336528897e+00
6.437627121904585081e+00,3.537751644954671981e+00
6.444440489142328587e+00,3.547171056681214019e+00
6.450060624150315114e+00,3.556998209861285787e+00
6.451477814106242548e+00,3.571668083551043260e+00
6.455349845421271660e+00,3.587841879582585491e+00
6.458497668254186586e+00,3.605226555456228610e+00
6.459742982767914476e+00,3.623389357933786137e+00
6.461090288735271692e+00,3.650869792585027973e+00
6.464358799081857399e+00,3.673253502168313922e+00
6.464148791586742604e+00,3.705392688290314318e+00
6.465406430619600187e+00,3.730094952164371591e+00
6.464825726905628400e+00,3.771001506142057202e+00
6.466178612640228529e+00,3.804925940639014570e+00
6.463978124407456782e+00,3.844097251809600380e+00
6.464080990619785361e+00,3.883959485982686033e+00
6.462770712781400029e+00,3.929255097794428941e+00
6.461887107326742985e+00,3.978309928600557654e+00
6.458621568191128759e+00,4.028001109401857072e+00
6.453671184899228308e+00,4.071474182219256832e+00
6.445489836496913760e+00,4.113686385706485815e+00
6.433658888143342303e+00,4.157392910691942056e+00
6.420343856280370964e+00,4.195994015915228026e+00
6.400041457075671403e+00,4.238997406297785098e+00
6.377669105743214217e+00,4.271948201936571543e+00
6.344683760883286006e+00,4.307309737594928301e+00
6.306234022899614544e+00,4.338424523640742159e+00
6.264366807218828548e+00,4.363686047886043085e+00
6.218489302536743146e+00,4.383715137872114198e+00
6.161085898851142773e+00,4.401392807010371833e+00
6.110472152365914233e+00,4.410168599278456725e+00
6.047488633039971084e+00,4.417305550385400181e+00
5.984956847124142776e+00,4.421826905667214369e+00
5.924213796670928289e+00,4.421353099570386469e+00
5.870560178296999609e+00,4.420592935471428397e+00
5.810440528841414043e+00,4.418525115893600308e+00
5.758395924254057441e+00,4.415113600179814135e+00
5.711175904260500147e+00,4.411395875987127901e+00
5.663658436025471588e+00,4.403805335410085675e+00
5.624435517219242620e+00,4.397239128714756973e+00
5.594287419382472315e+00,4.389046947982314428e+00
5.568257991832142650e+00,4.378087593296713820e+00
5.548264004798314275e+00,4.364459932204857395e+00
5.535221561555457193e+00,4.345370756908486065e+00
5.524383054189071274e+00,4.327215789611870811e+00
5.510216969342443427e+00,4.306232107562899536e+00
5.508813634976900353e+00,4.276899041956142788e+00
5.506664918491328997e+00,4.238310291411115038e+00
5.509864685670742723e+00,4.197998857117743121e+00
5.508216533446399943e+00,4.158473687977385147e+00
5.510609479240657471e+00,4.113250184542956767e+00
5.515988580143299735e+00,4.070983726443942352e+00
5.528602458893971061e+00,4.015921786517472114e+00
5.539270069557214349e+00,3.967667160862385245e+00
5.558153405495185773e+00,3.912173022007457313e+00
5.581026338691942534e+00,3.860328099941599866e+00
5.609884996188370998e+00,3.810040267703056927e+00
5.645053963805342967e+00,3.765163572594185659e+00
5.681540463889699133e+00,3.727935116824957262e+00
5.730402695003985691e+00,3.695804739718414389e+00
5.773549235924527956e+00,3.672434666473642473e+00
5.814048496779956388e+00,3.653693231167127742e+00
5.859413083747685214e+00,3.644498458580014422e+00
5.900477915828385100e+00,3.639521424544113870e+00
5.943700915971456666e+00,3.641516654222571425e+00
5.993650062091128383e+00,3.652276888018328727e+00
6.041808695815142904e+00,3.671148345199356733e+00
6.081921398306214144e+00,3.694804609404414464e+00
6.130878323120271034e+00,3.729392681480442562e+00
6.175268608134572013e+00,3.773690445327800624e+00
6.209597095556299351e+00,3.818367557216413744e+00
6.237262688119500353e+00,3.863464284267457138e+00
6.254603219281071880e+00,3.910798851146472188e+00
6.265587565705571294e+00,3.962060621953114037e+00
6.263449857966286061e+00,4.003824756327299283e+00
6.251397414382957152e+00,4.045550985808600508e+00
6.230375321967371427e+00,4.085099895062485942e+00
6.197324240843428811e+00,4.131045152315342861e+00
6.158544498010071422e+00,4.169317140707827996e+00
6.110237404804713890e+00,4.203241782183914310e+00
6.056934452216514941e+00,4.227256211193513913e+00
6.001550766883243071e+00,4.245282392990871401e+00
5.946075919783543107e+00,4.248586504148357257e+00
5.888345402551414587e+00,4.244823611084571624e+00
5.846132829398243302e+00,4.226808739934585724e+00
5.793219198395570757e+00,4.198486003109385578e+00
5.746958053735999883e+00,4.164159681277213920e+00
5.700624247300799752e+00,4.119522059016871296e+00
5.661601814217528172e+00,4.067183349601071640e+00
5.625215833256484999e+00,4.009022056124785571e+00
5.600134126626314490e+00,3.952729919880185960e+00
5.578057709957542798e+00,3.898328475423014083e+00
5.563847984807414271e+00,3.847301074708757262e+00
5.554199974052671074e+00,3.801968670266028916e+00
5.547671665605114377e+00,3.762132237041043048e+00
5.542229509535543386e+00,3.722461729826000543e+00
5.537470345455142606e+00,3.685710571642128563e+00
5.537261868060342707e+00,3.655225567773100259e+00
5.535645234482400312e+00,3.631166964021342203e+00
5.537914064772428979e+00,3.612928106048100219e+00
5.538554465036271246e+00,3.591621248981700099e+00
5.547394318944314229e+00,3.580531325331143044e+00
5.556942631187171244e+00,3.569461253471657436e+00
5.578377103781642532e+00,3.565284286851185591e+00
5.596285453747857908e+00,3.559220564292828293e+00
5.620770358479142637e+00,3.555979870112857100e+00
5.641865455279271302e+00,3.552676623156028946e+00
5.670239299543028189e+00,3.548697108173157311e+00
5.698669201520914385e+00,3.546491259535600626e+00
5.729969513239471901e+00,3.544629316492428295e+00
5.771423209913000285e+00,3.545802724353056767e+00
5.813467396269099474e+00,3.546977987906499763e+00
5.855054095259085933e+00,3.550874647171556653e+00
5.900564175942071721e+00,3.555144966620457758e+00
5.945025348542457344e+00,3.561521138873799508e+00
5.994771532369671085e+00,3.572567479248857758e+00
6.048177229809285294e+00,3.589986075800642773e+00
6.094003499646171385e+00,3.609179631058114346e+00
6.140558507289800794e+00,3.636034380009900424e+00
6.185852741713371294e+00,3.668972479412729193e+00
6.229713881969027867e+00,3.705122882158414122e+00
6.267588495285743022e+00,3.752502797847556693e+00
6.301790117998442575e+00,3.803237670423100347e+00
6.329759140317199773e+00,3.855992940584600071e+00
6.344736966731443495e+00,3.905272063385799797e+00
6.355273905083785202e+00,3.952268292192242960e+00
6.360131980548871411e+00,3.999482682806957179e+00
6.355746564116542707e+00,4.047695718408243160e+00
6.348097370171457143e+00,4.091797463160228077e+00
6.332838257702356977e+00,4.137050505253585087e+00
6.308001250967028462e+00,4.183109865919556469e+00
6.271954967105057399e+00,4.228953832605457208e+00
6.225835345200885662e+00,4.270321839489542803e+00
6.174304926008786332e+00,4.304595564657256901e+00
6.111395619659615086e+00,4.334313134005872037e+00
6.050024315450770906e+00,4.354325252540528268e+00
5.983209275847999997e+00,4.369097871152071377e+00
5.920839962357000275e+00,4.377182654394714767e+00
5.865565316201213797e+00,4.380615837058785544e+00
5.801822300729513771e+00,4.381361550338527699e+00
5.753749708719099409e+00,4.377357954383986005e+00
5.713779066399328421e+00,4.370824873221956786e+00
5.672368683590057081e+00,4.362846680661756515e+00
5.637411932956242211e+00,4.351181222937285931e+00
5.608351898647813805e+00,4.338479139933928863e+00
5.589524720939928137e+00,4.316386231610385593e+00
5.569223205164328228e+00,4.299549964806571367e+00
5.559424925341471813e+00,4.272964637151384970e+00
5.551175222318328828e+00,4.241516431954100774e+00
5.547692813218800367e+00,4.205174545056257429e+00
5.548346923874743375e+00,4.166199896571813888e+00
5.549049429657800125e+00,4.122405295028871208e+00
5.552060778103529159e+00,4.078696365887686248e+00
5.567289343643643029e+00,4.025766864613157914e+00
5.578752987570628541e+00,3.975670404593485863e+00
5.599159107303299798e+00,3.917884743461314656e+00
5.627827706725042844e+00,3.866055997234700392e+00
5.661820743110356879e+00,3.818821859972500121e+00
5.705356791161842800e+00,3.771967385184313848e+00
5.737775286254371387e+00,3.741314874394729095e+00
5.776516975726242897e+00,3.713881002505799778e+00
5.815646661915885751e+00,3.694679629971085788e+00
5.852848379866471440e+00,3.680391046476029437e+00
5.889854616941613941e+00,3.676122167751471714e+00
5.934269396979557243e+00,3.678714859437756779e+00
5.978762839450427968e+00,3.689411410521143075e+00
6.024535356134314235e+00,3.709206476266714070e+00
6.066525411430071735e+00,3.735523757002285450e+00
6.108020976969742222e+00,3.769034936943900682e+00
6.147132799148314675e+00,3.808743449986272012e+00
6.178678173942128815e+00,3.850618731859071886e+00
6.199605942427242944e+00,3.890601027283042690e+00
6.211989218847756788e+00,3.931454653382743025e+00
6.212482246671071628e+00,3.968753328114042134e+00
6.203607008679071555e+00,4.005204755326171373e+00
6.183955987627671291e+00,4.049152298396585969e+00
6.154573766875657270e+00,4.088420800759713813e+00
6.120734168896399652e+00,4.123013451417899766e+00
6.072335970191429233e+00,4.154946190039028764e+00
6.024143270610557543e+00,4.173453752422028096e+00
5.989114857130585889e+00,4.180125024167042902e+00
5.947207780450585624e+00,4.178215773001213940e+00
5.895431727741156536e+00,4.163852314299785640e+00
5.845098415897328259e+00,4.138746419125700626e+00
5.802380944649914163e+00,4.103694155007099553e+00
5.766221341105571163e+00,4.065901278769857186e+00
5.733210222217385521e+00,4.019138512716028622e+00
5.710373006257556838e+00,3.979490032028571100e+00
5.695019267036257382e+00,3.938306727259086593e+00
5.692157804634599749e+00,3.895184334568900120e+00
5.696590755451400589e+00,3.859393073981214783e+00
5.710107911679329185e+00,3.822459995077799988e+00
5.734675010494485470e+00,3.798356146212728213e+00
5.768249351558700333e+00,3.766451725838514619e+00
5.811784894533514212e+00,3.742860378311756442e+00
5.867906760797000132e+00,3.709820968898428717e+00
5.920332259613227954e+00,3.690375989494000031e+00
5.976077880898200689e+00,3.678645897215742977e+00
6.028979283058314209e+00,3.675818798646928620e+00
6.078812682011242252e+00,3.679376873670542558e+00
6.124336437611356487e+00,3.690674307966427925e+00
6.162701573513271747e+00,3.708667097491700204e+00
6.192119802625914993e+00,3.734670899627157148e+00
6.224094114588413440e+00,3.767787852198500431e+00
6.251246458659514893e+00,3.810887758145085513e+00
6.274731118383585660e+00,3.856915254736042797e+00
6.300295211822542818e+00,3.913962512691370854e+00
6.321312037475785850e+00,3.968246905590157247e+00
6.340629704257643162e+00,4.029924581997285316e+00
6.351450627952528905e+00,4.081995621615400083e+00
6.357963514570842634e+00,4.129364501974342794e+00
6.362319807343342681e+00,4.175801132853628417e+00
6.364728254453313916e+00,4.214852801853042230e+00
6.355679651512828876e+00,4.244565190078885664e+00
6.349314714902642542e+00,4.273402889059570775e+00
6.333181865768557017e+00,4.293913899599286488e+00
6.320502869297627946e+00,4.317232358857142849e+00
6.299352414101856645e+00,4.331731709008828091e+00
6.275003989559885476e+00,4.344414418335357020e+00
6.243500373728514852e+00,4.351413127078529008e+00
6.204924239340185999e+00,4.355191701744814736e+00
6.162602375831971457e+00,4.357262133833043727e+00
6.113339046462157533e+00,4.355295598949457947e+00
6.062321981002228632e+00,4.350750235087285311e+00
6.006626527008528171e+00,4.342567062436200054e+00
5.951319622768985518e+00,4.327003817520972184e+00
5.893984142423442485e+00,4.306628938603472179e+00
5.833671831820629095e+00,4.279344489355614733e+00
5.781671006394800472e+00,4.248044033568800337e+00
5.728226876954571445e+00,4.205000712459027845e+00
5.681375285083757554e+00,4.156751298654214111e+00
5.644185982138585800e+00,4.104904548729686020e+00
5.617802103767571609e+00,4.057760771112342901e+00
5.599190359987142429e+00,4.006250433510514242e+00
5.591000118701628274e+00,3.963527965722028590e+00
5.586448446084771646e+00,3.910854010368728595e+00
5.592142255777128312e+00,3.866768182412243071e+00
5.601229987387100095e+00,3.826710796453657970e+00
5.623017674618042250e+00,3.781242709141243274e+00
5.654845471385399946e+00,3.732231646680314263e+00
5.695829487776057576e+00,3.691674143544042330e+00
5.742663010376543475e+00,3.656441700677042661e+00
5.797103705848956956e+00,3.627333866877600066e+00
5.855289089033800742e+00,3.602542406884228221e+00
5.913845805793142674e+00,3.588176164657556733e+00
5.980716412493913836e+00,3.577886283469285722e+00
6.037269286401000024e+00,3.572770237693114304e+00
6.094051521966228790e+00,3.572642239342028958e+00
6.140761504753628586e+00,3.578434002818556614e+00
6.195299143244900719e+00,3.588695062802543134e+00
6.241014328699000302e+00,3.604791713026114230e+00
6.267672380373714880e+00,3.625270376541371853e+00
6.295156586952542987e+00,3.649803124402071219e+00
6.324933188110042792e+00,3.683529869731557049e+00
6.349740627618828626e+00,3.719457661239128576e+00
6.375945107294256786e+00,3.763526506708628538e+00
6.401900314998985486e+00,3.815996003682556648e+00
6.424423113208014513e+00,3.870841964778756861e+00
6.449845389758628755e+00,3.930281590968142780e+00
6.472031074472099910e+00,3.990061650776313584e+00
6.497284887182643409e+00,4.053286067799684922e+00
6.514831027468028779e+00,4.109776229883586041e+00
6.537573081483300186e+00,4.162925712416700286e+00
6.554269558071842638e+00,4.209657262889200169e+00
6.573333007656128935e+00,4.250201512770614087e+00
6.595112623129429252e+00,4.287350187890514697e+00
6.614465589118614375e+00,4.314733957803599473e+00
6.619678337961214076e+00,4.336013312822299959e+00
6.637285401543956631e+00,4.352064918604843236e+00
6.643192826779086069e+00,4.368507240037243555e+00
6.649323751646957881e+00,4.381363964649899856e+00
6.661851071038657146e+00,4.391239694311642516e+00
6.670503542820485521e+00,4.398689172146799997e+00
6.698149930089099868e+00,4.405000576103242693e+00
6.720164949211071992e+00,4.409770822235685728e+00
6.734048480618157306e+00,4.414225185675014096e+00
6.757591456739413971e+00,4.417942574141400236e+00
6.780209589168128659e+00,4.420012983399799644e+00
6.813001053644228477e+00,4.420068105120099844e+00
6.841114554062614594e+00,4.422528329176229178e+00
6.870203246445856671e+00,4.422022691526557026e+00
6.899222375985472056e+00,4.422572742703342996e+00
6.932292084071670857e+00,4.421085594369885463e+00
6.967035293639957771e+00,4.416699294939285814e+00
7.000450640754828591e+00,4.411082946063928922e+00
7.032519018105714892e+00,4.402950720397000417e+00
7.066964524791329083e+00,4.390275748279285573e+00
7.101919088730957341e+00,4.373264048956371219e+00
7.134220766594270735e+00,4.353813643700699565e+00
7.173334458973128491e+00,4.321916748113200590e+00
7.203906070676528550e+00,4.288424498268513574e+00
7.234637738842272014e+00,4.246404957550128145e+00
7.257528239571485962e+00,4.205286188744871367e+00
7.275393033396656328e+00,4.165131390547328394e+00
7.287276320594614276e+00,4.119322535140670816e+00
7.296219971168456553e+00,4.072206405036642884e+00
7.297888483657085423e+00,4.025426140037756895e+00
7.296984576099528219e+00,3.976378995515185366e+00
7.290529932459913987e+00,3.923374449072627890e+00
7.276009245162571304e+00,3.877511796592828297e+00
7.256923184173372121e+00,3.820221048025328692e+00
7.231880016899028263e+00,3.775572454583857152e+00
7.197988625830399556e+00,3.722387027874800580e+00
7.158813299835814270e+00,3.680481795689357405e+00
7.116644594528871437e+00,3.639021887667957422e+00
7.073465787291299378e+00,3.606735749268485947e+00
7.015823696655728803e+00,3.566505669167271186e+00
6.982476074403686006e+00,3.551766674918700240e+00
6.939727300199813875e+00,3.531807459327313659e+00
6.901552626440813576e+00,3.514173627358371910e+00
6.862451398349413978e+00,3.497784826570328853e+00
6.816477893790943376e+00,3.478454856570613707e+00
6.776083208690443449e+00,3.461009655920999961e+00
6.737792873352471013e+00,3.440132854416200203e+00
6.700602521137099643e+00,3.416593618142714561e+00
6.669984861287142408e+00,3.389372975637228613e+00
6.639532901810342835e+00,3.356928157319285511e+00
6.612337414540628622e+00,3.323512688830542849e+00
6.593607923163686380e+00,3.291672480552557012e+00
6.573621030131514331e+00,3.253369883705285126e+00
6.561180478601357002e+00,3.210975122451585229e+00
6.548427893737499339e+00,3.163236177526871806e+00
6.539875552900385358e+00,3.118398298480814290e+00
6.536644597481100050e+00,3.076063353629900021e+00
6.532829378535714326e+00,3.027388490061771797e+00
6.533924340111314066e+00,2.979741830605614261e+00
6.534486125137257240e+00,2.923187337766185667e+00
6.538462589047685292e+00,2.871730365805685636e+00
6.544050620437056764e+00,2.823564837246485659e+00
6.554133027761857022e+00,2.777689810233171297e+00
6.569601654824127834e+00,2.739842660859185486e+00
6.586789776040757438e+00,2.697508335825071324e+00
6.611685918411057017e+00,2.659916715971214263e+00
6.644794620686542252e+00,2.628667904211957396e+00
6.679872194773957439e+00,2.596411739259128382e+00
6.725717435213772077e+00,2.566267217664800260e+00
6.771928320252671440e+00,2.543526162679057290e+00
6.822094279847513931e+00,2.521735451094142544e+00
6.876146144020014006e+00,2.502277080908914098e+00
6.925423506770186144e+00,2.487212918399114070e+00
6.984960327251856782e+00,2.467696463590957290e+00
7.032370984290528426e+00,2.448472565362056930e+00
7.083392613215271361e+00,2.426023821678671588e+00
7.134632005180571390e+00,2.401105828064985737e+00
7.180960777334342460e+00,2.367223061673328743e+00
7.225291808675799565e+00,2.333514993229671486e+00
7.262331455879842856e+00,2.288970139209314247e+00
7.299604379016571443e+00,2.242279680573614264e+00
7.320981299761585959e+00,2.194562055039914306e+00
7.340254473648642808e+00,2.149130749782256711e+00
7.351559644330086130e+00,2.096450564821542795e+00
7.358838588351571453e+00,2.048648382772142895e+00
7.361347344962686279e+00,2.002172484521271389e+00
7.359951568200385985e+00,1.950267926618342695e+00
7.351888965891857808e+00,1.891794189814385962e+00
7.340617463028614509e+00,1.845296643749985588e+00
7.317769192589000049e+00,1.795134707943414565e+00
7.286061888705556377e+00,1.745247148288971317e+00
7.251883276355528096e+00,1.706558653292871153e+00
7.209141264298028595e+00,1.669017794217485751e+00
7.170152687971857119e+00,1.641451788838528270e+00
7.118398000618128663e+00,1.615807479334171681e+00
7.083423537148214599e+00,1.600065251661014099e+00
7.033311855518028288e+00,1.585303509852657111e+00
6.982401379123913898e+00,1.575975498109056794e+00
6.933234770794457269e+00,1.571951334065742945e+00
6.889189830488857247e+00,1.573108553107513963e+00
6.841991549471500456e+00,1.574915897918100161e+00
6.803576150486456697e+00,1.581341770689914217e+00
6.747904904558899908e+00,1.590267695971114392e+00
6.714803002119085207e+00,1.601318642112242951e+00
6.675070850808056733e+00,1.618433721176914197e+00
6.636662994681542749e+00,1.641839309192985485e+00
6.609518729182043195e+00,1.670384177216500010e+00
6.577541869351428261e+00,1.700005838074414299e+00
6.552257027230128372e+00,1.737717482754914222e+00
6.530760540411956860e+00,1.777799449736228610e+00
6.503782477820029051e+00,1.832027713651999790e+00
6.474697993742256408e+00,1.889774901658057171e+00
6.447063839529599605e+00,1.952604806078171329e+00
6.425318234418914365e+00,2.008782443379071303e+00
6.401196016896243179e+00,2.077182205351028710e+00
6.375360179154685447e+00,2.136691186589914082e+00
6.344521515891428542e+00,2.194499447272200143e+00
6.315775097242257274e+00,2.243894133414914283e+00
6.282639362487271839e+00,2.285594616393100242e+00
6.250943382664757131e+00,2.319485074787785539e+00
6.217754435641685617e+00,2.343930550080328690e+00
6.179696902944456838e+00,2.361603023947028923e+00
6.144563607117656368e+00,2.373011493791614246e+00
6.096355186849486074e+00,2.380036102469557324e+00
6.042259681424442697e+00,2.380313377295028676e+00
5.988707224334599566e+00,2.374955640050699923e+00
5.941518096042814001e+00,2.366917335586542936e+00
5.890487879225427825e+00,2.354911681185928529e+00
5.836662276951614103e+00,2.332261106483128454e+00
5.783327535442142953e+00,2.296178176088842893e+00
5.738653208999957123e+00,2.262474274547657149e+00
5.699046008756156745e+00,2.222638375471385874e+00
5.668868590533185703e+00,2.186150096218785865e+00
5.643251644417313528e+00,2.140943446846699683e+00
5.625719855233799471e+00,2.099503872158528406e+00
5.616816490883100421e+00,2.053912050659499666e+00
5.610915506209471992e+00,2.016910801269857334e+00
5.612586862462300097e+00,1.972865405066799749e+00
5.619511694461742479e+00,1.931963509555828740e+00
5.638469465751385634e+00,1.887578725783956912e+00
5.663256846807742662e+00,1.845389415586314197e+00
5.697986594227742785e+00,1.809198879381071379e+00
5.738016411150328011e+00,1.769593314924314154e+00
5.780290979514213667e+00,1.739213651353314294e+00
5.830806176013299869e+00,1.709463284808485639e+00
5.880598006709442771e+00,1.686173513411571179e+00
5.937874982338271934e+00,1.669747716627757228e+00
5.992805978627985475e+00,1.657825706095342522e+00
6.038294009884828561e+00,1.655591899535643119e+00
6.089295162858228139e+00,1.660304920816571439e+00
6.131584533643014367e+00,1.672382575686628847e+00
6.159145332080328217e+00,1.689108121887957115e+00
6.190575742925714664e+00,1.715843710120685817e+00
6.218276020557385486e+00,1.750066156910257131e+00
6.243168970165171139e+00,1.789554791075700368e+00
6.274933741482871419e+00,1.835425976847157248e+00
6.306071091324670697e+00,1.891084766910857251e+00
6.331905172209357779e+00,1.949857579135142682e+00
6.353271264083528713e+00,2.012040230505542926e+00
6.366092626736342019e+00,2.066153575445071500e+00
6.376454137488543061e+00,2.117949648875985691e+00
6.383703761775970875e+00,2.168005958214100026e+00
6.389164058324056761e+00,2.212324690706257257e+00
6.386044858188829387e+00,2.250482821130628697e+00
6.393842734076828016e+00,2.290493865235756932e+00
6.395330370913313800e+00,2.323911616045928774e+00
6.398352426351713973e+00,2.351043036210228365e+00
6.399027554136272222e+00,2.372113897045228459e+00
6.394021308618500044e+00,2.389397179974657170e+00
6.395855965960528522e+00,2.407760727865285499e+00
6.392044536949827993e+00,2.422505423063557206e+00
6.381740407881085098e+00,2.435433229634757168e+00
6.366275471916857498e+00,2.448576768640499779e+00
6.356048771381686002e+00,2.458061917253714590e+00
6.322564399566900306e+00,2.465515070631785655e+00
6.309747728069472039e+00,2.474857077366985347e+00
6.263213254413129150e+00,2.479299779180228480e+00
6.234461914074314492e+00,2.485372715216214168e+00
6.197499236337185913e+00,2.492715247435185688e+00
6.149876111853300742e+00,2.496647108814414207e+00
6.109268397918185656e+00,2.501794860813028709e+00
6.069237920501328709e+00,2.503689967322357379e+00
6.019199476675257010e+00,2.508336399689271357e+00
5.964182250847114730e+00,2.514038695326042738e+00
5.912279074761928044e+00,2.521885489016985726e+00
5.868587146403014820e+00,2.528210242665142715e+00
5.816827484974356643e+00,2.536938870540485613e+00
5.777188344316242841e+00,2.548665281643214264e+00
5.740292660444757722e+00,2.562210919625371286e+00
5.701750854811885816e+00,2.579511839281942720e+00
5.665463849252629025e+00,2.601872820095342487e+00
5.625521888821943151e+00,2.629348192691200126e+00
5.596292840639442545e+00,2.660620614793114402e+00
5.566815451589799402e+00,2.701839737382800255e+00
5.542113811154814051e+00,2.744011881946542442e+00
5.520753503369843607e+00,2.797193363213928752e+00
5.503875336819613828e+00,2.850654271025528708e+00
5.490056090391829180e+00,2.907828384974242564e+00
5.475592467549499354e+00,2.968153162012142854e+00
5.463064799393871240e+00,3.022471517805085384e+00
5.447248146867914365e+00,3.084292632512471322e+00
5.435937747685728461e+00,3.135156517477971860e+00
5.410756141308357137e+00,3.196514349891071305e+00
5.394327350200428306e+00,3.245060809708114391e+00
5.361288742942727836e+00,3.293652422514114164e+00
5.332663671676799666e+00,3.331437328091071848e+00
5.305899062009871159e+00,3.359690644318557240e+00
5.276275919839671147e+00,3.382241831643656660e+00
5.243095016501500005e+00,3.397083514561385797e+00
5.220574784733385876e+00,3.409143768047771417e+00
5.174967982534714572e+00,3.416784451124429189e+00
5.125166900496799904e+00,3.417339351917743073e+00
5.086640018198957058e+00,3.417097266907156872e+00
5.038853409132856953e+00,3.413999532405528115e+00
4.988945467791085164e+00,3.406854556393042799e+00
4.933543826736571880e+00,3.393966041886514518e+00
4.881515963922415047e+00,3.377308974515900175e+00
4.834784294984999953e+00,3.355586029213156962e+00
4.779349661078700073e+00,3.324738432803271415e+00
4.736775255322600131e+00,3.293003384946742607e+00
4.694271344849857641e+00,3.249962686351785202e+00
4.650774496634114463e+00,3.195047168021371675e+00
4.623154260654557035e+00,3.146918342490899967e+00
4.602126423307071335e+00,3.102617423894914239e+00
4.582534420937457220e+00,3.044730969635914164e+00
4.571539219828200551e+00,2.990270019350428576e+00
4.567726382008157060e+00,2.944303728037957146e+00
4.566473085757157158e+00,2.896173419510886138e+00
4.566193684464642466e+00,2.848213690118828634e+00
4.572428985683842484e+00,2.810036981962171332e+00
4.582005319017670608e+00,2.764397763304342615e+00
4.598833003320414115e+00,2.730610552424500348e+00
4.615308594439371248e+00,2.699468964078871380e+00
4.640003706995914357e+00,2.676145611843586014e+00
4.672777826902857257e+00,2.648100660568599718e+00
4.713008547463070741e+00,2.617621532216442670e+00
4.756177174337229197e+00,2.601058377390314202e+00
4.811396617921857022e+00,2.578111006783371462e+00
4.867378760589685882e+00,2.558301647655257138e+00
4.930060905682671191e+00,2.537531896324642933e+00
4.990857385130957447e+00,2.521949943394271365e+00
5.045476703271384977e+00,2.507724214948542585e+00
5.104317678802671843e+00,2.489981822653071220e+00
5.154342500148215045e+00,2.472878501647971738e+00
5.205964451686885930e+00,2.451626531474442761e+00
5.253210207756542793e+00,2.420930919145585669e+00
5.290678259035543007e+00,2.395734752955871461e+00
5.320616750424557395e+00,2.365926148169085419e+00
5.345541944260100209e+00,2.336223849385171469e+00
5.365358231131771127e+00,2.312445762599628640e+00
5.380715608852485232e+00,2.285872357520171594e+00
5.395248008533628514e+00,2.247807809874456719e+00
5.398137433184542644e+00,2.219638002608328442e+00
5.402675445746928595e+00,2.188850147340599683e+00
5.404913799046513923e+00,2.158026537602399930e+00
5.406639608195185964e+00,2.115923945129757122e+00
5.399870046394485534e+00,2.076158300538442525e+00
5.393444437909328926e+00,2.034444263767842820e+00
5.379138348231014888e+00,1.986733795310228867e+00
5.360444203029756771e+00,1.943647775967171309e+00
5.336199029970114971e+00,1.899598958869071375e+00
5.303904480862999371e+00,1.856057221490400089e+00
5.270048777973756593e+00,1.817682405412571534e+00
5.225013905225628363e+00,1.776052921921014160e+00
5.179441669025557360e+00,1.743303930044142636e+00
5.140820779387456518e+00,1.720466140443757119e+00
5.106312454766685605e+00,1.707429412178514294e+00
5.073199784067972118e+00,1.699282378068814658e+00
5.038866703606757369e+00,1.694444975192813896e+00
4.975379371767199466e+00,1.700447595884857055e+00
4.925414998004000289e+00,1.715203655404142769e+00
4.870247270250786187e+00,1.735330189645728716e+00
4.820610942283942713e+00,1.765682575568514601e+00
4.777720915085200026e+00,1.803318995475886144e+00
4.738800089527771320e+00,1.848234541560885624e+00
4.702428697327314389e+00,1.898412762217642769e+00
4.678099854523956935e+00,1.943358008646600243e+00
4.659462037234614051e+00,1.992200717547971234e+00
4.649950235450542202e+00,2.037866218111243022e+00
4.650251284434771648e+00,2.077315341242028435e+00
4.653173909566071131e+00,2.124444296548757105e+00
4.664960079322943542e+00,2.162716310243756990e+00
4.680433400332000282e+00,2.206877148575499881e+00
4.709666450276671412e+00,2.242925592754028141e+00
4.744717674817243491e+00,2.287487549100385653e+00
4.790347616809785158e+00,2.325643326070542916e+00
4.841411368996800135e+00,2.363214396629143010e+00
4.899417442617356677e+00,2.401648147146157264e+00
4.953835607449842193e+00,2.427535631278856965e+00
5.013862758254728824e+00,2.455260699672400015e+00
5.066555337418343186e+00,2.477823548426028477e+00
5.114896516334542120e+00,2.499059941494128356e+00
5.171463637676271041e+00,2.525412715984014511e+00
5.217017878614842452e+00,2.553129028414200086e+00
5.260028357439999525e+00,2.576351484649657131e+00
5.298885111613871324e+00,2.610930144102385775e+00
5.327498021655628690e+00,2.644670050761428914e+00
5.354140948801400235e+00,2.684776482030628575e+00
5.375565679748185666e+00,2.720475862427700342e+00
5.391292152340585453e+00,2.761239325562557134e+00
5.404342673217185755e+00,2.804607984533785459e+00
5.412059423466272001e+00,2.851345106097956883e+00
5.415591558961300400e+00,2.896157892620256913e+00
5.419309317549299898e+00,2.954261560372642759e+00
5.418061580455928450e+00,2.999463000461257245e+00
5.412725074709043405e+00,3.054928934975542631e+00
5.408646281822385937e+00,3.110925704884729193e+00
5.398419361351328938e+00,3.155779972408228495e+00
5.380072363716186246e+00,3.205811755209556857e+00
5.361421389550371508e+00,3.253994149661656898e+00
5.336068754257214053e+00,3.297303072450085359e+00
5.299196956134785808e+00,3.339735072879185473e+00
5.261547803206643614e+00,3.371804324673385977e+00
5.222891983199014376e+00,3.398274914892057019e+00
5.177775292626557224e+00,3.418027286960414024e+00
5.137165721136456753e+00,3.433387498034343288e+00
5.085265254390728629e+00,3.445468042730399638e+00
5.042346707663585725e+00,3.449965607122000399e+00
4.990498174873914117e+00,3.454393566372385926e+00
4.938210939947485834e+00,3.456509120863571205e+00
4.879513798185613815e+00,3.457247715889928408e+00
4.840787634092485803e+00,3.456018972208071638e+00
4.793490106802928530e+00,3.456515947785228526e+00
4.757450196613700832e+00,3.454502616099571988e+00
4.724421954760157583e+00,3.452433364780771896e+00
4.683182678390757303e+00,3.449758273394913921e+00
4.659068355110885129e+00,3.446840730825671884e+00
4.630685818898742312e+00,3.443648475719885305e+00
4.604297462198242208e+00,3.440150912252785353e+00
4.584039411081971771e+00,3.435376673158371474e+00
4.570937856004785083e+00,3.428729594623656673e+00
4.555686810144342402e+00,3.420933466228599507e+00
4.541268746885471330e+00,3.413206272057671242e+00
4.530791391501571397e+00,3.403558801947828449e+00
4.522454631544914783e+00,3.393470795293828779e+00
4.519775907182685515e+00,3.376891353187113864e+00
4.514456238334271454e+00,3.363556719376814108e+00
4.516778248767442605e+00,3.338838151375671082e+00
4.516155774784842869e+00,3.316511729862514635e+00
4.515720417098743056e+00,3.293063717018085867e+00
4.517033236261400297e+00,3.264696127749799892e+00
4.517497245555828655e+00,3.236185496763914315e+00
4.517544851771342351e+00,3.203834361190000202e+00
4.522898387448999635e+00,3.158507987240014359e+00
4.522722018955613876e+00,3.126298979947014445e+00
4.526896846288485321e+00,3.081964266646499695e+00
4.534552760868828969e+00,3.038636362133742885e+00
4.539305991491956682e+00,2.993407502283842891e+00
4.549935687817785457e+00,2.947719639206642928e+00
4.563248327506885360e+00,2.901917986654542592e+00
4.586025665226372006e+00,2.849133993944285681e+00
4.607902307522086183e+00,2.810924876921614413e+00
4.639547053610042937e+00,2.768357275303928500e+00
4.677221233189500005e+00,2.731087292923814136e+00
4.727987773055986054e+00,2.693124207858043295e+00
4.770162653147442811e+00,2.671028728348114445e+00
4.823128528354557076e+00,2.648894576218571384e+00
4.867896153454914554e+00,2.635646319100214185e+00
4.921826346836914112e+00,2.627282542364928197e+00
4.975266381751786149e+00,2.626088501258885710e+00
5.012894480575085687e+00,2.630534390990671323e+00
5.049613384489728851e+00,2.638046927816942944e+00
5.078394095280700071e+00,2.649096647531000048e+00
5.123684127832071056e+00,2.673810346814142758e+00
5.157016980492228342e+00,2.702516477499857128e+00
5.199197870171386349e+00,2.741088403041828769e+00
5.238397380860271291e+00,2.782397229901214075e+00
5.276052709623442638e+00,2.833612934543800144e+00
5.302208767210042417e+00,2.887834523780857143e+00
5.326561510372971320e+00,2.941944933497057324e+00
5.343639625922813607e+00,2.998022317198799858e+00
5.350860000536400207e+00,3.045196877576714201e+00
5.356044257184942481e+00,3.096351865173157414e+00
5.354855393687200760e+00,3.144431376046942894e+00
5.349166946976700032e+00,3.188626651167999704e+00
5.339367958393814284e+00,3.225505677917657188e+00
5.319682705200970751e+00,3.269675145853028653e+00
5.297478316632228790e+00,3.300737929034156970e+00
5.268279499236356855e+00,3.337073245704885949e+00
5.231758102480542405e+00,3.362488760407171817e+00
5.186771935772928721e+00,3.398642157693771537e+00
5.135345255900999994e+00,3.425637553599642615e+00
5.077869133635928733e+00,3.448253947620228743e+00
5.017929233179072135e+00,3.473439973294157213e+00
4.953778663261914517e+00,3.494979398463185838e+00
4.900131351538200342e+00,3.508252102776814318e+00
4.843109231597871656e+00,3.529176598993528202e+00
4.786644070056328637e+00,3.552541819539913881e+00
4.737244681601542773e+00,3.576125287430114597e+00
4.687703948796256626e+00,3.603147019229213655e+00
4.648778488650071594e+00,3.629167520472357467e+00
4.618078221564199559e+00,3.653797981837286102e+00
4.590743452746171904e+00,3.684128498300400345e+00
4.572112232856957448e+00,3.715032851128300173e+00
4.556484709234942976e+00,3.755714588005643506e+00
4.543364324733143000e+00,3.786790100478314436e+00
4.533970382229343343e+00,3.832869418620871826e+00
4.525597872384628850e+00,3.875906418167843093e+00
4.521142164838042987e+00,3.923448308158514308e+00
4.521878788712713870e+00,3.972281720459699628e+00
4.524083018379600141e+00,4.015334726361342810e+00
4.528592028261842373e+00,4.065823568892499296e+00
4.539062456214514540e+00,4.117122916411458000e+00
4.557059766852742833e+00,4.172314051629942178e+00
4.574483045991970975e+00,4.213005885723213773e+00
4.599083404415272192e+00,4.256555200547457396e+00
4.627032716805229207e+00,4.300015037270957130e+00
4.662705372300870899e+00,4.333599913945914928e+00
4.697310532916614711e+00,4.364707131434186316e+00
4.733275891878614416e+00,4.387151118179356324e+00
4.764594933895571316e+00,4.403339159894042787e+00
4.812797588462985665e+00,4.417923973057057196e+00
4.843448101483228463e+00,4.425812576630042905e+00
4.882029302399085502e+00,4.432392599257599208e+00
4.926801491522928345e+00,4.438180782865857488e+00
4.972640069211957226e+00,4.441840580222414125e+00
5.004071609632442907e+00,4.445088719898599550e+00
5.047026565774443085e+00,4.448744494221285706e+00
5.094461166322829193e+00,4.450838482759285952e+00
5.134519353910000028e+00,4.451309950461142861e+00
5.172859328723314221e+00,4.452793264905400505e+00
5.197234170618200366e+00,4.455678383435042633e+00
5.232179814217642999e+00,4.457605364906713774e+00
5.260856555136214752e+00,4.460104245489199926e+00
5.281326625815199627e+00,4.462063921460156735e+00
5.307343367902328524e+00,4.463088883338114599e+00
5.323941220077957226e+00,4.465360977592842673e+00
5.339401085482885279e+00,4.466202679408657339e+00
5.348459257903400044e+00,4.466770945134542536e+00
5.370956439465814469e+00,4.459499252445685791e+00
5.380057181595786275e+00,4.459580864797942468e+00
5.384426018913585743e+00,4.459052643913186564e+00
5.392871989860585913e+00,4.457946768060843112e+00
5.397996396816371778e+00,4.453083344259428422e+00
5.401039657610986033e+00,4.449339652100442244e+00
5.401929878349699621e+00,4.449604704242256403e+00
5.405430701962285589e+00,4.449447175080115002e+00
5.408423307103686462e+00,4.450258568688457039e+00
5.407211377153529064e+00,4.457067515164928828e+00
5.409210531856214921e+00,4.459107579719486125e+00
5.409443913144913907e+00,4.472165744940328480e+00
5.411139419564842790e+00,4.480000378593300248e+00
5.412264926523485897e+00,4.479806803000713877e+00
5.411427011671114506e+00,4.500016516540014777e+00
5.413901099744642842e+00,4.510902773157843271e+00
5.414855137710499200e+00,4.524232897880357207e+00
5.415386100003528824e+00,4.537751837596999849e+00
5.415484638146542906e+00,4.553542127539485840e+00
5.415698076033613972e+00,4.577803463843143739e+00
5.415603360219185980e+00,4.597356167519014214e+00
5.414088322274414722e+00,4.628450366204786448e+00
5.414316808200370978e+00,4.659612970611485494e+00
5.412943377604528372e+00,4.688440141582614906e+00
5.409613439168386329e+00,4.726212648869400290e+00
5.405122116870686000e+00,4.766240804022971567e+00
5.399776210115628139e+00,4.808027276963685814e+00
5.391463188415328567e+00,4.851739354114757319e+00
5.382307154093843415e+00,4.899159021615413501e+00
5.367304014427771719e+00,4.951719657840100375e+00
5.350250208391599926e+00,4.993591785078328904e+00
5.322912265878042781e+00,5.043820928572471551e+00
5.289260217576642553e+00,5.095629708809356728e+00
5.247062361710814749e+00,5.148954909668971958e+00
5.196027583427500041e+00,5.196092843902671454e+00
5.131898556609700179e+00,5.241610986009085593e+00
5.066035167520515081e+00,5.277203115291585256e+00
5.005971531636928873e+00,5.301401211097028998e+00
4.938895415506971531e+00,5.320952409023857577e+00
4.880106662920000282e+00,5.332013218708743452e+00
4.823247896618171104e+00,5.337505342567657074e+00
4.769043315138185690e+00,5.341869915079414000e+00
4.723149638122071892e+00,5.340270750961714441e+00
4.677768305902485046e+00,5.335587038264870685e+00
4.637890064942171264e+00,5.328295965023328584e+00
4.611957358464157331e+00,5.316219179360372138e+00
4.581636020851513891e+00,5.302684504083343242e+00
4.554977273203957289e+00,5.281165074142985638e+00
4.530473263289056973e+00,5.254302750759814344e+00
4.506756215215371064e+00,5.224384863143685109e+00
4.486602939005700286e+00,5.186176900249928501e+00
4.466592287724614252e+00,5.144334949023057213e+00
4.446463458185414552e+00,5.094270435803529118e+00
4.430272166890800278e+00,5.042760306093886591e+00
4.408032671454728657e+00,4.985906210392899496e+00
4.381497779786757363e+00,4.923460253308157064e+00
4.358664825203042881e+00,4.867164543868327975e+00
4.332149934527942392e+00,4.813604184610213998e+00
4.306171665962542860e+00,4.767145472468671485e+00
4.282293811162913855e+00,4.726151155350542865e+00
4.252121868220114287e+00,4.689505496374443361e+00
4.229741096690529112e+00,4.659818655420900235e+00
4.195984753181528859e+00,4.639610945418971788e+00
4.151941245262457336e+00,4.623488424777899120e+00
4.117225891090214418e+00,4.613219783722086298e+00
4.073100098420313842e+00,4.608627001154142810e+00
4.028987716117714335e+00,4.607656436337185468e+00
3.974037810496985568e+00,4.617563251604357433e+00
3.924494158659042942e+00,4.630646054925014354e+00
3.868599714607314333e+00,4.653655596621371515e+00
3.816852117266542610e+00,4.684291468857871621e+00
3.770373165375057400e+00,4.721291808163785575e+00
3.733131635253557068e+00,4.760878749471899596e+00
3.702897176902628651e+00,4.795187638899128579e+00
3.681087932038500377e+00,4.831740485732885837e+00
3.667500043405042653e+00,4.875627202805699945e+00
3.665407660986399918e+00,4.912012766907099426e+00
3.667593844897542699e+00,4.951276358656357068e+00
3.675547470345899903e+00,4.991360694951971766e+00
3.691935823841314690e+00,5.034248819029842892e+00
3.722322212554285858e+00,5.085547357672700386e+00
3.753183030150042843e+00,5.123524183666499532e+00
3.789153614492857258e+00,5.161649283147871969e+00
3.827433220358985810e+00,5.188191414687156389e+00
3.869734269940499960e+00,5.206673863074914088e+00
3.911244690159071613e+00,5.218448958393271830e+00
3.948277125356800088e+00,5.223566037941743012e+00
3.987676293719499832e+00,5.220265650327942986e+00
4.028735951732270948e+00,5.205631140213943020e+00
4.070149041296443393e+00,5.180110205160528558e+00
4.110122819723585508e+00,5.145412114993857422e+00
4.141428184149971159e+00,5.106704851673957712e+00
4.171267234764686194e+00,5.058932155245928541e+00
4.196262855752671328e+00,5.011224381687843454e+00
4.211583515766028185e+00,4.964041556246885811e+00
4.215795378709771946e+00,4.925203615713185989e+00
4.212725320377414207e+00,4.881680397127171389e+00
4.198810051325042814e+00,4.841008210415900237e+00
4.174992051359113887e+00,4.801349309012671540e+00
4.141859430645285833e+00,4.764093671833314225e+00
4.103388230396699754e+00,4.728361748231728612e+00
4.056771890255485680e+00,4.700416813662085858e+00
4.011665166200042876e+00,4.680271996675885227e+00
3.963083953658585568e+00,4.662971491815270930e+00
3.925849060013057112e+00,4.657642379045900505e+00
3.884248235259285753e+00,4.656912130222143453e+00
3.846718600265857102e+00,4.667145815944857112e+00
3.820703822541357209e+00,4.683978747430200151e+00
3.776183892153471611e+00,4.710148058532085180e+00
3.746880153542814451e+00,4.743044271242842669e+00
3.713622995803957050e+00,4.780858158908285915e+00
3.678026651671757019e+00,4.826661489851657549e+00
3.645524543440585852e+00,4.879952011273543278e+00
3.623246932909200080e+00,4.924496963973585828e+00
3.599402785131000204e+00,4.977583385474328104e+00
3.581691075633814059e+00,5.027565540375742437e+00
3.568446216781556934e+00,5.070574051748129030e+00
3.549334816309285934e+00,5.117847012062114231e+00
3.540723509784671652e+00,5.155730989142299769e+00
3.525658707131228642e+00,5.190328215907199727e+00
3.507114189148414329e+00,5.227329651759314189e+00
3.490179095266285447e+00,5.256719548970757216e+00
3.477486059670357399e+00,5.278034639358128111e+00
3.448642918469971619e+00,5.302500394245771353e+00
3.435155887627371118e+00,5.318271926636943370e+00
3.417899224383114110e+00,5.330434624411013900e+00
3.395621809507685551e+00,5.341177349811414565e+00
3.379460368528814485e+00,5.347936165545485565e+00
3.361225708270299872e+00,5.355301571340285172e+00
3.334129377462271560e+00,5.359440459020900605e+00
3.302518348922542923e+00,5.363650129544071277e+00
3.276954678554257150e+00,5.369508075945728542e+00
3.248282705047228269e+00,5.371978394113271271e+00
3.209059243939086148e+00,5.375083165497086313e+00
3.169183500621699956e+00,5.377020525111270821e+00
3.128550948606513948e+00,5.376759706996229404e+00
3.081780510386614491e+00,5.377690286354628313e+00
3.032767738328285834e+00,5.377177872319899521e+00
2.983755490837957325e+00,5.375599017193243512e+00
2.930076886711742823e+00,5.373084720397456771e+00
2.886013747042313948e+00,5.369362004005585831e+00
2.836501901140685789e+00,5.364013335537556770e+00
2.791644843197542691e+00,5.354261207267642320e+00
2.749376590724085911e+00,5.342674168186542616e+00
2.704626291274928374e+00,5.327535735247471926e+00
2.668337366055999915e+00,5.306360179744214811e+00
2.631359614409257031e+00,5.281022082521671379e+00
2.601480631557099965e+00,5.249087065936728358e+00
2.573230449196414416e+00,5.210727189893442635e+00
2.551468186487385825e+00,5.173707574628529038e+00
2.531869519891685627e+00,5.130765603844671396e+00
2.514809610403928808e+00,5.087352592715042476e+00
2.501587463068700057e+00,5.041464789687642778e+00
2.487766163971885991e+00,4.990534491635157721e+00
2.474984210147042951e+00,4.942418963083542671e+00
2.461391043741528506e+00,4.891905116260099717e+00
2.445352192514357093e+00,4.846169502187928302e+00
2.427197203738914233e+00,4.797876729509928495e+00
2.398795691085314541e+00,4.741183280762956365e+00
2.367056940935028830e+00,4.692425127168770693e+00
2.333351835919071249e+00,4.652613952799900865e+00
2.286738265877828802e+00,4.612756847530599558e+00
2.242136877810957163e+00,4.580846520405143174e+00
2.201884711073557099e+00,4.556858188987471081e+00
2.154871834665428754e+00,4.533793745635143146e+00
2.116449243395028823e+00,4.519217976458071995e+00
2.076010174869485692e+00,4.510235434189814541e+00
2.033907587350771262e+00,4.504326464191271917e+00
1.991961930857385710e+00,4.503612001839914392e+00
1.949744323760285614e+00,4.506784224183671306e+00
1.904148669671514194e+00,4.514890310370814674e+00
1.855627843610642813e+00,4.531437768725443682e+00
1.815064157411385493e+00,4.552068160032499478e+00
1.765329988371028724e+00,4.583107940365599653e+00
1.722640771575714158e+00,4.627058391168527685e+00
1.681273845020685664e+00,4.680496374856914166e+00
1.650941942799385886e+00,4.737398138504928191e+00
1.620167429544771442e+00,4.800497283508114776e+00
1.585994090935800127e+00,4.870915485273499712e+00
1.544131990774642915e+00,4.952482072650213674e+00
1.494817740064885658e+00,5.030543036246457156e+00
1.432178812382042921e+00,5.104045251022514051e+00
1.345169661038328579e+00,5.170117552363956648e+00
1.219650013337184147e+00,5.222246423819428607e+00
1.090278512129445598e+00,5.251741371304042616e+00
