X,Y,U,V
-1.000000000000000000e+00,-1.000000000000000000e+00,3.621731844041296139e-02,2.303401781402248522e-02
-9.000000000000000222e-01,-1.000000000000000000e+00,1.489407025490750158e-01,1.852981355388412868e-02
-8.000000000000000444e-01,-1.000000000000000000e+00,2.481464694321330322e-01,4.188830292971493577e-03
-6.999999999999999556e-01,-1.000000000000000000e+00,3.179637948374155476e-01,-9.427884733738779027e-03
-5.999999999999999778e-01,-1.000000000000000000e+00,3.590314134557477943e-01,-2.201885543680000973e-02
-5.000000000000000000e-01,-1.000000000000000000e+00,3.583136633938356352e-01,-3.024818979325518548e-02
-3.999999999999999112e-01,-1.000000000000000000e+00,3.367033091128028843e-01,-3.821248498242416081e-02
-2.999999999999999334e-01,-1.000000000000000000e+00,2.791711984654787759e-01,-4.342443005473400203e-02
-1.999999999999999556e-01,-1.000000000000000000e+00,1.968495412347086859e-01,-4.638404094875705347e-02
-9.999999999999997780e-02,-1.000000000000000000e+00,9.529769569528245832e-02,-5.076322170324745753e-02
0.000000000000000000e+00,-1.000000000000000000e+00,-3.993783665502521028e-03,-4.013699484204298618e-02
1.000000000000000888e-01,-1.000000000000000000e+00,-1.098943129825605963e-01,-3.344342550049264617e-02
2.000000000000001776e-01,-1.000000000000000000e+00,-1.996018090147998747e-01,-2.499329904281020337e-02
3.000000000000000444e-01,-1.000000000000000000e+00,-2.768743927984238518e-01,-1.159477872622663268e-02
4.000000000000001332e-01,-1.000000000000000000e+00,-3.248343396976344777e-01,-3.098734917656016837e-03
5.000000000000000000e-01,-1.000000000000000000e+00,-3.383716556078651405e-01,3.598983956597041206e-03
6.000000000000000888e-01,-1.000000000000000000e+00,-3.168550901983278045e-01,1.620800099116160783e-02
7.000000000000001776e-01,-1.000000000000000000e+00,-2.688373936036115852e-01,1.328282210186289281e-02
8.000000000000000444e-01,-1.000000000000000000e+00,-1.773450633088166917e-01,1.363158560498621899e-02
9.000000000000001332e-01,-1.000000000000000000e+00,-8.254412557894610925e-02,1.074274414150330585e-02
1.000000000000000000e+00,-1.000000000000000000e+00,3.621731844041296139e-02,2.303401781402248522e-02
-1.000000000000000000e+00,-9.000000000000000222e-01,3.414344235840289371e-02,-7.726503743088730669e-02
-9.000000000000000222e-01,-9.000000000000000222e-01,1.485490364096839766e-01,-8.067124914311113448e-02
-8.000000000000000444e-01,-9.000000000000000222e-01,2.416173643413032646e-01,-7.154756300175013628e-02
-6.999999999999999556e-01,-9.000000000000000222e-01,3.095733806612385730e-01,-5.603582757045950935e-02
-5.999999999999999778e-01,-9.000000000000000222e-01,3.537812789902982646e-01,-3.978830078405480586e-02
-5.000000000000000000e-01,-9.000000000000000222e-01,3.592043556284881256e-01,-1.868539832155605498e-02
-3.999999999999999112e-01,-9.000000000000000222e-01,3.289539702069364524e-01,5.972250455950818895e-03
-2.999999999999999334e-01,-9.000000000000000222e-01,2.695165676566904089e-01,2.723087433473627555e-02
-1.999999999999999556e-01,-9.000000000000000222e-01,1.898952943684894534e-01,4.715879396859497252e-02
-9.999999999999997780e-02,-9.000000000000000222e-01,9.012191894324141084e-02,7.029533808050550392e-02
0.000000000000000000e+00,-9.000000000000000222e-01,-2.673138640317746992e-03,7.481463397950977035e-02
1.000000000000000888e-01,-9.000000000000000222e-01,-1.047669441711228944e-01,7.148510420539638810e-02
2.000000000000001776e-01,-9.000000000000000222e-01,-2.004683532959397330e-01,6.358864374142017550e-02
3.000000000000000444e-01,-9.000000000000000222e-01,-2.692385740508111969e-01,4.815979989465336841e-02
4.000000000000001332e-01,-9.000000000000000222e-01,-3.164647974483003057e-01,3.072897430712906788e-02
5.000000000000000000e-01,-9.000000000000000222e-01,-3.322004822575713723e-01,4.704100562057908150e-03
6.000000000000000888e-01,-9.000000000000000222e-01,-3.145625600158148960e-01,-2.006472878693224549e-02
7.000000000000001776e-01,-9.000000000000000222e-01,-2.597046106711484170e-01,-4.575229917181962425e-02
8.000000000000000444e-01,-9.000000000000000222e-01,-1.778983819304726099e-01,-7.445206426873790528e-02
9.000000000000001332e-01,-9.000000000000000222e-01,-7.246086378044247489e-02,-8.742780439106656587e-02
1.000000000000000000e+00,-9.000000000000000222e-01,3.414344235840289371e-02,-7.726503743088730669e-02
-1.000000000000000000e+00,-8.000000000000000444e-01,3.728114376360375931e-02,-1.756040389215833830e-01
-9.000000000000000222e-01,-8.000000000000000444e-01,1.261122782951202559e-01,-1.640768777763769726e-01
-8.000000000000000444e-01,-8.000000000000000444e-01,2.161144352801301349e-01,-1.415136377840138515e-01
-6.999999999999999556e-01,-8.000000000000000444e-01,2.732645407962631667e-01,-1.083036844339198279e-01
-5.999999999999999778e-01,-8.000000000000000444e-01,3.106114852150636541e-01,-5.973756317954281858e-02
-5.000000000000000000e-01,-8.000000000000000444e-01,3.151525057449799938e-01,-9.716060639592698570e-03
-3.999999999999999112e-01,-8.000000000000000444e-01,2.894138991720470733e-01,4.376732209117246974e-02
-2.999999999999999334e-01,-8.000000000000000444e-01,2.357916337329986900e-01,9.417775789770570227e-02
-1.999999999999999556e-01,-8.000000000000000444e-01,1.620769402588154162e-01,1.424339698237047369e-01
-9.999999999999997780e-02,-8.000000000000000444e-01,7.775431142662636574e-02,1.697714455820834023e-01
0.000000000000000000e+00,-8.000000000000000444e-01,-6.020255268124975745e-03,1.787650570585172238e-01
1.000000000000000888e-01,-8.000000000000000444e-01,-9.425128640018234916e-02,1.679086793349377216e-01
2.000000000000001776e-01,-8.000000000000000444e-01,-1.688847417557299280e-01,1.444282645420759958e-01
3.000000000000000444e-01,-8.000000000000000444e-01,-2.330342484655655300e-01,1.064019188036194746e-01
4.000000000000001332e-01,-8.000000000000000444e-01,-2.731846893118726194e-01,5.983814489477529142e-02
5.000000000000000000e-01,-8.000000000000000444e-01,-2.842787430736333776e-01,6.873427580033591999e-03
6.000000000000000888e-01,-8.000000000000000444e-01,-2.672001328092099559e-01,-5.231746865875711028e-02
7.000000000000001776e-01,-8.000000000000000444e-01,-2.237206349823151752e-01,-1.082393800114111182e-01
8.000000000000000444e-01,-8.000000000000000444e-01,-1.553460377513695423e-01,-1.541822699156513710e-01
9.000000000000001332e-01,-8.000000000000000444e-01,-7.007037973366841976e-02,-1.850965872512271293e-01
1.000000000000000000e+00,-8.000000000000000444e-01,3.728114376360375931e-02,-1.756040389215833830e-01
-1.000000000000000000e+00,-6.999999999999999556e-01,3.249408756753714017e-02,-2.599435114785313972e-01
-9.000000000000000222e-01,-6.999999999999999556e-01,1.074845444123244675e-01,-2.457527425115067499e-01
-8.000000000000000444e-01,-6.999999999999999556e-01,1.681184371734037175e-01,-2.087523453171067356e-01
-6.999999999999999556e-01,-6.999999999999999556e-01,2.193943313369653425e-01,-1.479166674716100305e-01
-5.999999999999999778e-01,-6.999999999999999556e-01,2.384772973559969311e-01,-8.064924678133196523e-02
-5.000000000000000000e-01,-6.999999999999999556e-01,2.434223441299787072e-01,-1.145647110603539853e-04
-3.999999999999999112e-01,-6.999999999999999556e-01,2.227989157556955480e-01,8.524091640874414955e-02
-2.999999999999999334e-01,-6.999999999999999556e-01,1.804228869703971005e-01,1.555373305481241308e-01
-1.999999999999999556e-01,-6.999999999999999556e-01,1.198487303207530913e-01,2.129188595877797852e-01
-9.999999999999997780e-02,-6.999999999999999556e-01,5.614334163026715729e-02,2.465373531268095775e-01
0.000000000000000000e+00,-6.999999999999999556e-01,-4.087765064399563955e-03,2.631201292235201272e-01
1.000000000000000888e-01,-6.999999999999999556e-01,-7.400697580778048401e-02,2.480728252498694553e-01
2.000000000000001776e-01,-6.999999999999999556e-01,-1.266198434720985644e-01,2.080778449019792531e-01
3.000000000000000444e-01,-6.999999999999999556e-01,-1.712851161171518588e-01,1.522260002694574565e-01
4.000000000000001332e-01,-6.999999999999999556e-01,-2.004031319214936158e-01,7.609472226681000817e-02
5.000000000000000000e-01,-6.999999999999999556e-01,-2.099609433589373353e-01,-4.976482912895528223e-03
6.000000000000000888e-01,-6.999999999999999556e-01,-1.998910388453731812e-01,-8.365569728566400742e-02
7.000000000000001776e-01,-6.999999999999999556e-01,-1.634590686774089474e-01,-1.664727355071259907e-01
8.000000000000000444e-01,-6.999999999999999556e-01,-1.143964423141197173e-01,-2.258336299454606066e-01
9.000000000000001332e-01,-6.999999999999999556e-01,-4.773217987646657945e-02,-2.613379709577112742e-01
1.000000000000000000e+00,-6.999999999999999556e-01,3.249408756753714017e-02,-2.599435114785313972e-01
-1.000000000000000000e+00,-5.999999999999999778e-01,2.419804775948342090e-02,-3.135771242644281309e-01
-9.000000000000000222e-01,-5.999999999999999778e-01,7.134554072323122387e-02,-3.000374207331901744e-01
-8.000000000000000444e-01,-5.999999999999999778e-01,1.104146871472813235e-01,-2.500963783337303847e-01
-6.999999999999999556e-01,-5.999999999999999778e-01,1.395151464074410042e-01,-1.809396694136108374e-01
-5.999999999999999778e-01,-5.999999999999999778e-01,1.515757859600442847e-01,-9.291239464840467255e-02
-5.000000000000000000e-01,-5.999999999999999778e-01,1.482549234101781799e-01,2.015205963197820929e-03
-3.999999999999999112e-01,-5.999999999999999778e-01,1.265872836817345803e-01,1.016083899581104594e-01
-2.999999999999999334e-01,-5.999999999999999778e-01,1.003170030210185637e-01,1.892066932572245286e-01
-1.999999999999999556e-01,-5.999999999999999778e-01,6.955202605512211811e-02,2.623995734746427666e-01
-9.999999999999997780e-02,-5.999999999999999778e-01,3.499968463467523216e-02,3.018124207741493259e-01
0.000000000000000000e+00,-5.999999999999999778e-01,-5.167160305711704718e-03,3.122258428665989904e-01
1.000000000000000888e-01,-5.999999999999999778e-01,-3.658577959165659754e-02,3.001202080121555538e-01
2.000000000000001776e-01,-5.999999999999999778e-01,-6.550564308601981856e-02,2.529399744665968286e-01
3.000000000000000444e-01,-5.999999999999999778e-01,-9.432315156213191831e-02,1.746006705532750780e-01
4.000000000000001332e-01,-5.999999999999999778e-01,-1.033277589486091969e-01,8.791287946193049319e-02
5.000000000000000000e-01,-5.999999999999999778e-01,-1.098814533526221715e-01,-1.025770081691791680e-02
6.000000000000000888e-01,-5.999999999999999778e-01,-1.085306418594582378e-01,-1.081726170771709905e-01
7.000000000000001776e-01,-5.999999999999999778e-01,-8.989924592032634554e-02,-1.977678967058914827e-01
8.000000000000000444e-01,-5.999999999999999778e-01,-6.179824393195451626e-02,-2.696838801316012169e-01
9.000000000000001332e-01,-5.999999999999999778e-01,-1.931377528223656229e-02,-3.142089894033527342e-01
1.000000000000000000e+00,-5.999999999999999778e-01,2.419804775948342090e-02,-3.135771242644281309e-01
-1.000000000000000000e+00,-5.000000000000000000e-01,1.848707238425779248e-02,-3.490812232926377434e-01
-9.000000000000000222e-01,-5.000000000000000000e-01,3.038374684725344763e-02,-3.289277684282106429e-01
-8.000000000000000444e-01,-5.000000000000000000e-01,4.652557718364268985e-02,-2.800748659769556337e-01
-6.999999999999999556e-01,-5.000000000000000000e-01,4.360082476679690011e-02,-2.029861961619614519e-01
-5.999999999999999778e-01,-5.000000000000000000e-01,4.384377230101126066e-02,-1.029819384228693041e-01
-5.000000000000000000e-01,-5.000000000000000000e-01,3.925314651286909012e-02,-1.038133491959292425e-04
-3.999999999999999112e-01,-5.000000000000000000e-01,2.836008696223463535e-02,1.100988766041134381e-01
-2.999999999999999334e-01,-5.000000000000000000e-01,2.212738331661221955e-02,2.040194293076732779e-01
-1.999999999999999556e-01,-5.000000000000000000e-01,1.257167368114151321e-02,2.773067966304225140e-01
-9.999999999999997780e-02,-5.000000000000000000e-01,4.840819933790005934e-03,3.278677353939222217e-01
0.000000000000000000e+00,-5.000000000000000000e-01,6.224176686193999726e-04,3.353355425265864831e-01
1.000000000000000888e-01,-5.000000000000000000e-01,-2.666663348280284059e-03,3.135171418850566938e-01
2.000000000000001776e-01,-5.000000000000000000e-01,3.306410164545782026e-03,2.626451958572330048e-01
3.000000000000000444e-01,-5.000000000000000000e-01,3.918786755174709716e-04,1.867967468171139456e-01
4.000000000000001332e-01,-5.000000000000000000e-01,-2.322484490724995455e-03,8.482624916352941857e-02
5.000000000000000000e-01,-5.000000000000000000e-01,3.367819829963224643e-03,-1.748241265090540869e-02
6.000000000000000888e-01,-5.000000000000000000e-01,-4.052664038929081405e-03,-1.237849174424032472e-01
7.000000000000001776e-01,-5.000000000000000000e-01,-3.178240944573313374e-03,-2.206629962810986723e-01
8.000000000000000444e-01,-5.000000000000000000e-01,1.366941157013802123e-03,-2.983635780537065019e-01
9.000000000000001332e-01,-5.000000000000000000e-01,8.186235083366490833e-03,-3.414375065249528052e-01
1.000000000000000000e+00,-5.000000000000000000e-01,1.848707238425779248e-02,-3.490812232926377434e-01
-1.000000000000000000e+00,-3.999999999999999112e-01,1.245631050692969435e-02,-3.526973362476331086e-01
-9.000000000000000222e-01,-3.999999999999999112e-01,-7.864212433147679815e-03,-3.280372418696140269e-01
-8.000000000000000444e-01,-3.999999999999999112e-01,-2.224623998154607457e-02,-2.765134313377866637e-01
-6.999999999999999556e-01,-3.999999999999999112e-01,-4.075380974008686180e-02,-1.966273783277375509e-01
-5.999999999999999778e-01,-3.999999999999999112e-01,-5.662855315231677539e-02,-1.023310316888774163e-01
-5.000000000000000000e-01,-3.999999999999999112e-01,-7.016728642812135319e-02,-3.984599575340858632e-04
-3.999999999999999112e-01,-3.999999999999999112e-01,-7.322101157844812525e-02,1.028809203584546833e-01
-2.999999999999999334e-01,-3.999999999999999112e-01,-7.095393524226935311e-02,1.963376676658272757e-01
-1.999999999999999556e-01,-3.999999999999999112e-01,-4.516304739294282888e-02,2.658230820725537291e-01
-9.999999999999997780e-02,-3.999999999999999112e-01,-2.659446821859560994e-02,3.125093675335336441e-01
0.000000000000000000e+00,-3.999999999999999112e-01,7.129065552444963441e-03,3.189161878752100332e-01
1.000000000000000888e-01,-3.999999999999999112e-01,3.957040860009838901e-02,3.039941603935765180e-01
2.000000000000001776e-01,-3.999999999999999112e-01,6.665340317443484153e-02,2.478828066947393605e-01
3.000000000000000444e-01,-3.999999999999999112e-01,9.321827845878452590e-02,1.646512554137726791e-01
4.000000000000001332e-01,-3.999999999999999112e-01,1.005885517747276275e-01,7.842061362989795337e-02
5.000000000000000000e-01,-3.999999999999999112e-01,1.055212857126700821e-01,-2.272654851391199202e-02
6.000000000000000888e-01,-3.999999999999999112e-01,9.913386269365581649e-02,-1.292578298272292758e-01
7.000000000000001776e-01,-3.999999999999999112e-01,8.361564943478776157e-02,-2.211911132254885948e-01
8.000000000000000444e-01,-3.999999999999999112e-01,6.389801825910849942e-02,-2.914503118724519060e-01
9.000000000000001332e-01,-3.999999999999999112e-01,4.251465912098908312e-02,-3.346768835944631260e-01
1.000000000000000000e+00,-3.999999999999999112e-01,1.245631050692969435e-02,-3.526973362476331086e-01
-1.000000000000000000e+00,-2.999999999999999334e-01,6.970809469984044424e-03,-3.112105157102629249e-01
-9.000000000000000222e-01,-2.999999999999999334e-01,-4.162094206226676224e-02,-2.847871205329264854e-01
-8.000000000000000444e-01,-2.999999999999999334e-01,-9.139494853767689275e-02,-2.413617039102536610e-01
-6.999999999999999556e-01,-2.999999999999999334e-01,-1.327018387404635957e-01,-1.763402983747541231e-01
-5.999999999999999778e-01,-2.999999999999999334e-01,-1.608879524943968575e-01,-9.557045677044333221e-02
-5.000000000000000000e-01,-2.999999999999999334e-01,-1.755666404397541736e-01,-2.079530700441187263e-03
-3.999999999999999112e-01,-2.999999999999999334e-01,-1.712622368706825660e-01,8.459781415515667258e-02
-2.999999999999999334e-01,-2.999999999999999334e-01,-1.431359414258199514e-01,1.715687641565374344e-01
-1.999999999999999556e-01,-2.999999999999999334e-01,-1.034151296294877065e-01,2.296449919191004552e-01
-9.999999999999997780e-02,-2.999999999999999334e-01,-5.432768844285947030e-02,2.678228911497808618e-01
0.000000000000000000e+00,-2.999999999999999334e-01,1.341434110874144964e-02,2.748955718338307874e-01
1.000000000000000888e-01,-2.999999999999999334e-01,7.760156143385926741e-02,2.559506942862449508e-01
2.000000000000001776e-01,-2.999999999999999334e-01,1.264823067015664049e-01,2.026617254904290732e-01
3.000000000000000444e-01,-2.999999999999999334e-01,1.739189003450087312e-01,1.392277666239342127e-01
4.000000000000001332e-01,-2.999999999999999334e-01,1.984708920130721643e-01,5.892577082260538890e-02
5.000000000000000000e-01,-2.999999999999999334e-01,2.030979807028437389e-01,-3.524490260303655975e-02
6.000000000000000888e-01,-2.999999999999999334e-01,1.896609499246498798e-01,-1.203889860581568161e-01
7.000000000000001776e-01,-2.999999999999999334e-01,1.624894257099283035e-01,-2.007196623111769385e-01
8.000000000000000444e-01,-2.999999999999999334e-01,1.205428306566323216e-01,-2.550690564085805745e-01
9.000000000000001332e-01,-2.999999999999999334e-01,7.355395522285385068e-02,-3.000517468614906091e-01
1.000000000000000000e+00,-2.999999999999999334e-01,6.970809469984044424e-03,-3.112105157102629249e-01
-1.000000000000000000e+00,-1.999999999999999556e-01,6.093192298597884145e-05,-2.374493876877968868e-01
-9.000000000000000222e-01,-1.999999999999999556e-01,-7.031408220386391184e-02,-2.204654248398434380e-01
-8.000000000000000444e-01,-1.999999999999999556e-01,-1.480178734237485028e-01,-1.848928540332630821e-01
-6.999999999999999556e-01,-1.999999999999999556e-01,-2.051220085324485243e-01,-1.354654139962208348e-01
-5.999999999999999778e-01,-1.999999999999999556e-01,-2.363805587589744295e-01,-7.215968467765779271e-02
-5.000000000000000000e-01,-1.999999999999999556e-01,-2.562248012636426098e-01,-5.676431390154328994e-04
-3.999999999999999112e-01,-1.999999999999999556e-01,-2.469774589941130527e-01,6.625895505400097862e-02
-2.999999999999999334e-01,-1.999999999999999556e-01,-2.191556142677976160e-01,1.235722436608740621e-01
-1.999999999999999556e-01,-1.999999999999999556e-01,-1.523760235332658475e-01,1.693059479064744077e-01
-9.999999999999997780e-02,-1.999999999999999556e-01,-6.721317657016852298e-02,1.937578124531973423e-01
0.000000000000000000e+00,-1.999999999999999556e-01,1.367289695023022125e-02,1.966514055926738003e-01
1.000000000000000888e-01,-1.999999999999999556e-01,1.035137545314873814e-01,1.811639487961724804e-01
2.000000000000001776e-01,-1.999999999999999556e-01,1.785308747803311391e-01,1.423735687117256288e-01
3.000000000000000444e-01,-1.999999999999999556e-01,2.421031634934039112e-01,9.197956296629530848e-02
4.000000000000001332e-01,-1.999999999999999556e-01,2.798525104286119780e-01,3.581553991183538538e-02
5.000000000000000000e-01,-1.999999999999999556e-01,2.877567960401571368e-01,-3.294447144338080724e-02
6.000000000000000888e-01,-1.999999999999999556e-01,2.719562586505757107e-01,-9.905121159289873023e-02
7.000000000000001776e-01,-1.999999999999999556e-01,2.271511108060089712e-01,-1.582778515982043444e-01
8.000000000000000444e-01,-1.999999999999999556e-01,1.685918597250002648e-01,-1.985841760779177567e-01
9.000000000000001332e-01,-1.999999999999999556e-01,9.477768932655331047e-02,-2.282812994584087485e-01
1.000000000000000000e+00,-1.999999999999999556e-01,6.093192298597884145e-05,-2.374493876877968868e-01
-1.000000000000000000e+00,-9.999999999999997780e-02,7.637994710911711824e-04,-1.389583265650864985e-01
-9.000000000000000222e-01,-9.999999999999997780e-02,-9.830900987171656280e-02,-1.313049782544431499e-01
-8.000000000000000444e-01,-9.999999999999997780e-02,-1.822233842442089191e-01,-1.095101465482051367e-01
-6.999999999999999556e-01,-9.999999999999997780e-02,-2.514123093111951812e-01,-8.177620667509115371e-02
-5.999999999999999778e-01,-9.999999999999997780e-02,-2.988142833328477632e-01,-4.493376040536747190e-02
-5.000000000000000000e-01,-9.999999999999997780e-02,-3.157974425125507634e-01,-4.371408471288550958e-03
-3.999999999999999112e-01,-9.999999999999997780e-02,-3.031725238262404365e-01,3.643873970444757443e-02
-2.999999999999999334e-01,-9.999999999999997780e-02,-2.580952092959499788e-01,6.616048909476715534e-02
-1.999999999999999556e-01,-9.999999999999997780e-02,-1.791103161468663718e-01,9.781675710293120940e-02
-9.999999999999997780e-02,-9.999999999999997780e-02,-8.917199553532881295e-02,1.048742042295568583e-01
0.000000000000000000e+00,-9.999999999999997780e-02,1.111003252295591180e-02,1.088016602397140625e-01
1.000000000000000888e-01,-9.999999999999997780e-02,1.245373244491143477e-01,9.596013609007413014e-02
2.000000000000001776e-01,-9.999999999999997780e-02,2.149560739358476746e-01,7.095329391513735540e-02
3.000000000000000444e-01,-9.999999999999997780e-02,2.823340178651607690e-01,4.455924386495980355e-02
4.000000000000001332e-01,-9.999999999999997780e-02,3.294734334679739196e-01,8.938176044682182367e-03
5.000000000000000000e-01,-9.999999999999997780e-02,3.400186759072593157e-01,-3.040003323132848406e-02
6.000000000000000888e-01,-9.999999999999997780e-02,3.170577081650287066e-01,-6.163163894226056372e-02
7.000000000000001776e-01,-9.999999999999997780e-02,2.675009677508417005e-01,-9.473504779349657678e-02
8.000000000000000444e-01,-9.999999999999997780e-02,1.935867059672992663e-01,-1.267266174612949603e-01
9.000000000000001332e-01,-9.999999999999997780e-02,1.067387790716801399e-01,-1.361872810536707834e-01
1.000000000000000000e+00,-9.999999999999997780e-02,7.637994710911711824e-04,-1.389583265650864985e-01
-1.000000000000000000e+00,0.000000000000000000e+00,-8.181674455378710326e-03,-4.008966404509507059e-02
-9.000000000000000222e-01,0.000000000000000000e+00,-1.030999378131419869e-01,-2.741302691848752568e-02
-8.000000000000000444e-01,0.000000000000000000e+00,-1.960861350242529277e-01,-2.408618444317899704e-02
-6.999999999999999556e-01,0.000000000000000000e+00,-2.745421315483285163e-01,-1.608352090701849896e-02
-5.999999999999999778e-01,0.000000000000000000e+00,-3.247001087444220113e-01,-7.930415297795917820e-03
-5.000000000000000000e-01,0.000000000000000000e+00,-3.451110940121525639e-01,-3.033464377784232321e-04
-3.999999999999999112e-01,0.000000000000000000e+00,-3.303517355628668439e-01,5.914686543362591628e-03
-2.999999999999999334e-01,0.000000000000000000e+00,-2.754633461004264428e-01,6.259387791749186983e-03
-1.999999999999999556e-01,0.000000000000000000e+00,-1.942198109018917762e-01,9.278304036252620068e-03
-9.999999999999997780e-02,0.000000000000000000e+00,-9.430649987012382218e-02,9.840740672076374318e-03
0.000000000000000000e+00,0.000000000000000000e+00,2.706217523546431900e-02,7.182855619017388706e-03
1.000000000000000888e-01,0.000000000000000000e+00,1.333286708333649984e-01,-3.817931736236313336e-03
2.000000000000001776e-01,0.000000000000000000e+00,2.284837828584574959e-01,-3.836904497234845668e-03
3.000000000000000444e-01,0.000000000000000000e+00,3.055384119963309719e-01,-1.478423028597621904e-02
4.000000000000001332e-01,0.000000000000000000e+00,3.514825987280896236e-01,-1.849273767198792578e-02
5.000000000000000000e-01,0.000000000000000000e+00,3.677157713151759655e-01,-2.670734762289478370e-02
6.000000000000000888e-01,0.000000000000000000e+00,3.392283982656185137e-01,-2.747285297558029263e-02
7.000000000000001776e-01,0.000000000000000000e+00,2.853914730944402400e-01,-2.780021821287738740e-02
8.000000000000000444e-01,0.000000000000000000e+00,2.139987251601539464e-01,-3.103116565273986160e-02
9.000000000000001332e-01,0.000000000000000000e+00,1.172029250607912604e-01,-2.698840457809854182e-02
1.000000000000000000e+00,0.000000000000000000e+00,-8.181674455378710326e-03,-4.008966404509507059e-02
-1.000000000000000000e+00,1.000000000000000888e-01,-2.227511651925979941e-03,7.582902621466125481e-02
-9.000000000000000222e-01,1.000000000000000888e-01,-1.003646954070571973e-01,7.397146788199111811e-02
-8.000000000000000444e-01,1.000000000000000888e-01,-1.873177599188291798e-01,6.760965677262509299e-02
-6.999999999999999556e-01,1.000000000000000888e-01,-2.677948992107347381e-01,4.604506025766288285e-02
-5.999999999999999778e-01,1.000000000000000888e-01,-3.152326021149118862e-01,2.433405392610271667e-02
-5.000000000000000000e-01,1.000000000000000888e-01,-3.310431496055910583e-01,-7.202534191072277811e-04
-3.999999999999999112e-01,1.000000000000000888e-01,-3.153269521571643308e-01,-2.514545659794093294e-02
-2.999999999999999334e-01,1.000000000000000888e-01,-2.740991519403096488e-01,-5.425020568190828951e-02
-1.999999999999999556e-01,1.000000000000000888e-01,-1.907812001692325843e-01,-7.717306131369894295e-02
-9.999999999999997780e-02,1.000000000000000888e-01,-9.180922195222349091e-02,-9.130322645152316730e-02
0.000000000000000000e+00,1.000000000000000888e-01,2.141317844438766355e-02,-9.575178642863860223e-02
1.000000000000000888e-01,1.000000000000000888e-01,1.256431314621459239e-01,-9.640555825975612170e-02
2.000000000000001776e-01,1.000000000000000888e-01,2.239103229228128766e-01,-8.662204053260824654e-02
3.000000000000000444e-01,1.000000000000000888e-01,2.935058124171724958e-01,-6.904112929102521057e-02
4.000000000000001332e-01,1.000000000000000888e-01,3.398139797603589862e-01,-4.718825245984347577e-02
5.000000000000000000e-01,1.000000000000000888e-01,3.505952574687479228e-01,-1.972030995754654389e-02
6.000000000000000888e-01,1.000000000000000888e-01,3.237083052815045159e-01,7.268701028728181968e-03
7.000000000000001776e-01,1.000000000000000888e-01,2.693940604176488507e-01,3.726093541081650778e-02
8.000000000000000444e-01,1.000000000000000888e-01,1.969941599772244700e-01,6.204955065589419505e-02
9.000000000000001332e-01,1.000000000000000888e-01,1.136356398195319528e-01,7.305944736176554766e-02
1.000000000000000000e+00,1.000000000000000888e-01,-2.227511651925979941e-03,7.582902621466125481e-02
-1.000000000000000000e+00,2.000000000000001776e-01,1.083468887519603140e-04,1.825947663847901081e-01
-9.000000000000000222e-01,2.000000000000001776e-01,-8.925038234395149539e-02,1.666006908005235321e-01
-8.000000000000000444e-01,2.000000000000001776e-01,-1.655575784566138409e-01,1.501905939916345079e-01
-6.999999999999999556e-01,2.000000000000001776e-01,-2.243752302554169742e-01,1.083952136346017642e-01
-5.999999999999999778e-01,2.000000000000001776e-01,-2.653285323876291013e-01,6.125160889845033402e-02
-5.000000000000000000e-01,2.000000000000001776e-01,-2.826839079912888963e-01,1.266811911036779502e-03
-3.999999999999999112e-01,2.000000000000001776e-01,-2.686759911571139359e-01,-5.737531775097012149e-02
-2.999999999999999334e-01,2.000000000000001776e-01,-2.274324435374244779e-01,-1.114619679170826688e-01
-1.999999999999999556e-01,2.000000000000001776e-01,-1.620724297278094972e-01,-1.594460575789783119e-01
-9.999999999999997780e-02,2.000000000000001776e-01,-7.505591946010570226e-02,-1.860633680912988641e-01
0.000000000000000000e+00,2.000000000000001776e-01,1.496513246297468888e-02,-1.976301774131914157e-01
1.000000000000000888e-01,2.000000000000001776e-01,1.094186057277204138e-01,-1.872334062875160854e-01
2.000000000000001776e-01,2.000000000000001776e-01,1.933314513094285814e-01,-1.608920093704451215e-01
3.000000000000000444e-01,2.000000000000001776e-01,2.563107473255525903e-01,-1.224691371307532611e-01
4.000000000000001332e-01,2.000000000000001776e-01,2.938745606645039032e-01,-7.268661456393456233e-02
5.000000000000000000e-01,2.000000000000001776e-01,3.042716195615065011e-01,-1.468257925092147920e-02
6.000000000000000888e-01,2.000000000000001776e-01,2.816723114305310083e-01,4.162972464080542945e-02
7.000000000000001776e-01,2.000000000000001776e-01,2.367056490611779973e-01,1.000897060368649977e-01
8.000000000000000444e-01,2.000000000000001776e-01,1.734859561106310288e-01,1.457164924828028563e-01
9.000000000000001332e-01,2.000000000000001776e-01,9.718097717398734015e-02,1.721570634170519476e-01
1.000000000000000000e+00,2.000000000000001776e-01,1.083468887519603140e-04,1.825947663847901081e-01
-1.000000000000000000e+00,3.000000000000000444e-01,3.070457538158823454e-03,2.585094995291439823e-01
-9.000000000000000222e-01,3.000000000000000444e-01,-5.718287680293464292e-02,2.487108039211032295e-01
-8.000000000000000444e-01,3.000000000000000444e-01,-1.181962866923227939e-01,2.127419389236659963e-01
-6.999999999999999556e-01,3.000000000000000444e-01,-1.607335262473903181e-01,1.554397200635642129e-01
-5.999999999999999778e-01,3.000000000000000444e-01,-1.925609538952100797e-01,8.133641206989314365e-02
-5.000000000000000000e-01,3.000000000000000444e-01,-2.113928476101899490e-01,2.958395441182929547e-04
-3.999999999999999112e-01,3.000000000000000444e-01,-2.005519496652570233e-01,-8.043397086890508030e-02
-2.999999999999999334e-01,3.000000000000000444e-01,-1.649392843145255361e-01,-1.570232128369244140e-01
-1.999999999999999556e-01,3.000000000000000444e-01,-1.115630423522502579e-01,-2.173332773257391770e-01
-9.999999999999997780e-02,3.000000000000000444e-01,-5.655430867626090596e-02,-2.598269364972496387e-01
0.000000000000000000e+00,3.000000000000000444e-01,1.403539904185441278e-02,-2.768065160702665728e-01
1.000000000000000888e-01,3.000000000000000444e-01,8.570172432067778290e-02,-2.608238746737851499e-01
2.000000000000001776e-01,3.000000000000000444e-01,1.481938736616912888e-01,-2.251833962373333553e-01
3.000000000000000444e-01,3.000000000000000444e-01,1.903018598657383320e-01,-1.659596343077609504e-01
4.000000000000001332e-01,3.000000000000000444e-01,2.180665527290502337e-01,-9.514165607915722744e-02
5.000000000000000000e-01,3.000000000000000444e-01,2.229351532903609823e-01,-1.406860401429861629e-02
6.000000000000000888e-01,3.000000000000000444e-01,2.141383949463091518e-01,6.521662021987405244e-02
7.000000000000001776e-01,3.000000000000000444e-01,1.779837716209471676e-01,1.490604487411888446e-01
8.000000000000000444e-01,3.000000000000000444e-01,1.236081093575975148e-01,2.036801848757374411e-01
9.000000000000001332e-01,3.000000000000000444e-01,7.115427467463776579e-02,2.449944927090011992e-01
1.000000000000000000e+00,3.000000000000000444e-01,3.070457538158823454e-03,2.585094995291439823e-01
-1.000000000000000000e+00,4.000000000000001332e-01,7.450226632409430276e-03,3.171868702343379476e-01
-9.000000000000000222e-01,4.000000000000001332e-01,-2.425772624854581616e-02,2.956634243473218460e-01
-8.000000000000000444e-01,4.000000000000001332e-01,-5.449806485719149718e-02,2.500205779990559707e-01
-6.999999999999999556e-01,4.000000000000001332e-01,-8.296272142592539534e-02,1.816071920714610877e-01
-5.999999999999999778e-01,4.000000000000001332e-01,-9.982119260370971026e-02,8.648573783150435845e-02
-5.000000000000000000e-01,4.000000000000001332e-01,-1.068039375385721190e-01,-7.194788707922249171e-03
-3.999999999999999112e-01,4.000000000000001332e-01,-1.018621683548386059e-01,-1.026979441890384648e-01
-2.999999999999999334e-01,4.000000000000001332e-01,-8.682086156102059027e-02,-1.914087446881715948e-01
-1.999999999999999556e-01,4.000000000000001332e-01,-5.025102836105755505e-02,-2.229976534532994437e-01
-9.999999999999997780e-02,4.000000000000001332e-01,-2.792798655650534020e-02,-3.134680162007653093e-01
0.000000000000000000e+00,4.000000000000001332e-01,1.138760630128011347e-02,-3.302364101864493362e-01
1.000000000000000888e-01,4.000000000000001332e-01,5.392022384748194896e-02,-3.168758037525609139e-01
2.000000000000001776e-01,4.000000000000001332e-01,8.393349459330265439e-02,-2.742019391497215741e-01
3.000000000000000444e-01,4.000000000000001332e-01,1.115957351787408014e-01,-1.998059174191320342e-01
4.000000000000001332e-01,4.000000000000001332e-01,1.276797986050655642e-01,-1.102913153492627585e-01
5.000000000000000000e-01,4.000000000000001332e-01,1.270837229713592809e-01,-1.883625557098516506e-02
6.000000000000000888e-01,4.000000000000001332e-01,1.181333293483514124e-01,7.887085580032468513e-02
7.000000000000001776e-01,4.000000000000001332e-01,1.027160144373372164e-01,1.716861426242369537e-01
8.000000000000000444e-01,4.000000000000001332e-01,7.138626785096252592e-02,2.420355900246622671e-01
9.000000000000001332e-01,4.000000000000001332e-01,3.876753437143445197e-02,2.964092701956271836e-01
1.000000000000000000e+00,4.000000000000001332e-01,7.450226632409430276e-03,3.171868702343379476e-01
-1.000000000000000000e+00,5.000000000000000000e-01,1.240251629788187426e-02,3.286810542910670874e-01
-9.000000000000000222e-01,5.000000000000000000e-01,1.706975204987591643e-02,3.128482105582759409e-01
-8.000000000000000444e-01,5.000000000000000000e-01,1.460712591454661410e-02,2.648451486784567654e-01
-6.999999999999999556e-01,5.000000000000000000e-01,1.170452030880592999e-02,1.837789554616754417e-01
-5.999999999999999778e-01,5.000000000000000000e-01,8.920091361053660711e-03,9.354739802732549292e-02
-5.000000000000000000e-01,5.000000000000000000e-01,4.506344907041737527e-03,-1.126127277326057809e-02
-3.999999999999999112e-01,5.000000000000000000e-01,1.794202286785675886e-03,-1.159316988306142160e-01
-2.999999999999999334e-01,5.000000000000000000e-01,-1.066781869177795862e-03,-2.130767615531160286e-01
-1.999999999999999556e-01,5.000000000000000000e-01,-1.270411597742846909e-03,-2.913392793326990970e-01
-9.999999999999997780e-02,5.000000000000000000e-01,7.261774566294084028e-03,-3.386079665699958108e-01
0.000000000000000000e+00,5.000000000000000000e-01,1.252691048561307280e-02,-3.594233421203954504e-01
1.000000000000000888e-01,5.000000000000000000e-01,2.225097780890421956e-02,-3.381586853746663679e-01
2.000000000000001776e-01,5.000000000000000000e-01,2.191843782203883179e-02,-2.848862125646194898e-01
3.000000000000000444e-01,5.000000000000000000e-01,2.787058565012986988e-02,-2.179572024049353796e-01
4.000000000000001332e-01,5.000000000000000000e-01,2.524562430588050271e-02,-1.266294492003288141e-01
5.000000000000000000e-01,5.000000000000000000e-01,2.096379980033663895e-02,-2.031994431579733223e-02
6.000000000000000888e-01,5.000000000000000000e-01,2.041542742624625345e-02,8.633310208951766596e-02
7.000000000000001776e-01,5.000000000000000000e-01,1.076439520619327551e-02,1.802372448602242716e-01
8.000000000000000444e-01,5.000000000000000000e-01,1.080813040710381159e-02,2.577357688899091226e-01
9.000000000000001332e-01,5.000000000000000000e-01,1.328459470437379046e-02,3.036809290395501293e-01
1.000000000000000000e+00,5.000000000000000000e-01,1.240251629788187426e-02,3.286810542910670874e-01
-1.000000000000000000e+00,6.000000000000000888e-01,1.909312077906617430e-02,3.165552071674633261e-01
-9.000000000000000222e-01,6.000000000000000888e-01,5.600091859397640648e-02,2.921531833960211988e-01
-8.000000000000000444e-01,6.000000000000000888e-01,8.319317592636889247e-02,2.451146974701113590e-01
-6.999999999999999556e-01,6.000000000000000888e-01,1.009232295342052943e-01,1.759180225303780265e-01
-5.999999999999999778e-01,6.000000000000000888e-01,1.165980094044787863e-01,8.074238182846421585e-02
-5.000000000000000000e-01,6.000000000000000888e-01,1.155377347112372388e-01,-9.859556619315564333e-03
-3.999999999999999112e-01,6.000000000000000888e-01,1.079829978894997211e-01,-1.153517618763378605e-01
-2.999999999999999334e-01,6.000000000000000888e-01,8.968881593136274200e-02,-2.069297946965693580e-01
-1.999999999999999556e-01,6.000000000000000888e-01,6.226200466348469353e-02,-2.773488174018798880e-01
-9.999999999999997780e-02,6.000000000000000888e-01,4.300917742194147741e-02,-3.305144534225731290e-01
0.000000000000000000e+00,6.000000000000000888e-01,1.307481032633980161e-02,-3.479734722844648465e-01
1.000000000000000888e-01,6.000000000000000888e-01,-1.365621228299082265e-02,-3.289546890207915575e-01
2.000000000000001776e-01,6.000000000000000888e-01,-3.276538303844037103e-02,-2.813559328814153049e-01
3.000000000000000444e-01,6.000000000000000888e-01,-5.908945349244344725e-02,-2.140795305646232549e-01
4.000000000000001332e-01,6.000000000000000888e-01,-7.467675331394126037e-02,-1.279177209452581065e-01
5.000000000000000000e-01,6.000000000000000888e-01,-7.812332543525679629e-02,-2.729776349013576797e-02
6.000000000000000888e-01,6.000000000000000888e-01,-7.911485379257632289e-02,7.366606801618727496e-02
7.000000000000001776e-01,6.000000000000000888e-01,-6.855142316381265810e-02,1.655166873825276441e-01
8.000000000000000444e-01,6.000000000000000888e-01,-5.062583469630480004e-02,2.377227422135019808e-01
9.000000000000001332e-01,6.000000000000000888e-01,-1.878274478019056198e-02,2.854311384853289169e-01
1.000000000000000000e+00,6.000000000000000888e-01,1.909312077906617430e-02,3.165552071674633261e-01
-1.000000000000000000e+00,7.000000000000001776e-01,2.393798606770524209e-02,2.680856520129562548e-01
-9.000000000000000222e-01,7.000000000000001776e-01,8.449925021814477799e-02,2.467792204502308739e-01
-8.000000000000000444e-01,7.000000000000001776e-01,1.388575568601655708e-01,2.091732847263308437e-01
-6.999999999999999556e-01,7.000000000000001776e-01,1.872231727426152403e-01,1.472126475121224298e-01
-5.999999999999999778e-01,7.000000000000001776e-01,2.137712044600560135e-01,7.051066415048079516e-02
-5.000000000000000000e-01,7.000000000000001776e-01,2.154962375627232640e-01,-1.946268979058808288e-02
-3.999999999999999112e-01,7.000000000000001776e-01,2.052493498008333417e-01,-1.040038432433107035e-01
-2.999999999999999334e-01,7.000000000000001776e-01,1.648884843868486105e-01,-1.841907265344788491e-01
-1.999999999999999556e-01,7.000000000000001776e-01,1.239902096118973285e-01,-2.411020858844835357e-01
-9.999999999999997780e-02,7.000000000000001776e-01,7.486934204897867373e-02,-2.854018317744028699e-01
0.000000000000000000e+00,7.000000000000001776e-01,2.089190850822791531e-02,-3.008621774314772512e-01
1.000000000000000888e-01,7.000000000000001776e-01,-3.401246695971752582e-02,-2.864033098085745910e-01
2.000000000000001776e-01,7.000000000000001776e-01,-8.937165720321170459e-02,-2.493130546099701639e-01
3.000000000000000444e-01,7.000000000000001776e-01,-1.341997802690681751e-01,-1.895305037153864891e-01
4.000000000000001332e-01,7.000000000000001776e-01,-1.635165370485957559e-01,-1.132121891521158247e-01
5.000000000000000000e-01,7.000000000000001776e-01,-1.758598087638913177e-01,-2.778548915246631043e-02
6.000000000000000888e-01,7.000000000000001776e-01,-1.680676638387398336e-01,5.620217760358459796e-02
7.000000000000001776e-01,7.000000000000001776e-01,-1.488360323039081834e-01,1.353745476214511800e-01
8.000000000000000444e-01,7.000000000000001776e-01,-1.028390530660420465e-01,1.974373570843184766e-01
9.000000000000001332e-01,7.000000000000001776e-01,-4.581969245006678459e-02,2.403045956655496251e-01
1.000000000000000000e+00,7.000000000000001776e-01,2.393798606770524209e-02,2.680856520129562548e-01
-1.000000000000000000e+00,8.000000000000000444e-01,2.281776256695484256e-02,1.887479193423159674e-01
-9.000000000000000222e-01,8.000000000000000444e-01,1.164877551765375885e-01,1.773275347409507818e-01
-8.000000000000000444e-01,8.000000000000000444e-01,1.909884701070670987e-01,1.497426172375616038e-01
-6.999999999999999556e-01,8.000000000000000444e-01,2.549971868277036147e-01,1.003919918802686911e-01
-5.999999999999999778e-01,8.000000000000000444e-01,2.880220571456526546e-01,4.686452500449743430e-02
-5.000000000000000000e-01,8.000000000000000444e-01,2.995175200652711034e-01,-1.138494332653271039e-02
-3.999999999999999112e-01,8.000000000000000444e-01,2.777710986811942617e-01,-7.810769892286437144e-02
-2.999999999999999334e-01,8.000000000000000444e-01,2.321988957809218157e-01,-1.404166698800697055e-01
-1.999999999999999556e-01,8.000000000000000444e-01,1.732209513488748021e-01,-1.872925878777646491e-01
-9.999999999999997780e-02,8.000000000000000444e-01,9.947995646075906417e-02,-2.191299897059409418e-01
0.000000000000000000e+00,8.000000000000000444e-01,2.413931983029666412e-02,-2.169305066075812860e-01
1.000000000000000888e-01,8.000000000000000444e-01,-5.998398637319152238e-02,-2.178916397097803714e-01
2.000000000000001776e-01,8.000000000000000444e-01,-1.374286524738982385e-01,-1.854951240360231957e-01
3.000000000000000444e-01,8.000000000000000444e-01,-1.956708131982956012e-01,-1.430793168426093831e-01
4.000000000000001332e-01,8.000000000000000444e-01,-2.373195294021007984e-01,-8.852508780026793755e-02
5.000000000000000000e-01,8.000000000000000444e-01,-2.563716951894461915e-01,-3.133257974304105159e-02
6.000000000000000888e-01,8.000000000000000444e-01,-2.421548090888157034e-01,3.319563223028117183e-02
7.000000000000001776e-01,8.000000000000000444e-01,-2.063890038700044727e-01,9.214501320396513429e-02
8.000000000000000444e-01,8.000000000000000444e-01,-1.479676151855554289e-01,1.412619923355978302e-01
9.000000000000001332e-01,8.000000000000000444e-01,-7.132236107646520995e-02,1.618595757885492314e-01
1.000000000000000000e+00,8.000000000000000444e-01,2.281776256695484256e-02,1.887479193423159674e-01
-1.000000000000000000e+00,9.000000000000001332e-01,2.711264248575512986e-02,9.318895576175498241e-02
-9.000000000000000222e-01,9.000000000000001332e-01,1.310432404748066992e-01,8.930038778747628747e-02
-8.000000000000000444e-01,9.000000000000001332e-01,2.259645069605787648e-01,7.589344245292399538e-02
-6.999999999999999556e-01,9.000000000000001332e-01,2.956176614502813438e-01,5.155550256576801882e-02
-5.999999999999999778e-01,9.000000000000001332e-01,3.369724942241965060e-01,1.675144883277223870e-02
-5.000000000000000000e-01,9.000000000000001332e-01,3.431456105315809912e-01,-1.417417831304235674e-02
-3.999999999999999112e-01,9.000000000000001332e-01,3.293854531013311604e-01,-5.131494672122504513e-02
-2.999999999999999334e-01,9.000000000000001332e-01,2.801051353491628704e-01,-7.763797642812347855e-02
-1.999999999999999556e-01,9.000000000000001332e-01,2.071379328480673077e-01,-1.085481530933538608e-01
-9.999999999999997780e-02,9.000000000000001332e-01,1.182904145175041472e-01,-1.221746789979483855e-01
0.000000000000000000e+00,9.000000000000001332e-01,2.714780212404945686e-02,-1.279417180353344952e-01
1.000000000000000888e-01,9.000000000000001332e-01,-6.917570257637933873e-02,-1.211166821181860198e-01
2.000000000000001776e-01,9.000000000000001332e-01,-1.607148789973088798e-01,-1.065674597366385867e-01
3.000000000000000444e-01,9.000000000000001332e-01,-2.327246896692601874e-01,-8.366933906425982892e-02
4.000000000000001332e-01,9.000000000000001332e-01,-2.830547173872499656e-01,-5.243313312142256627e-02
5.000000000000000000e-01,9.000000000000001332e-01,-3.041780648261739328e-01,-2.535887244522483722e-02
6.000000000000000888e-01,9.000000000000001332e-01,-2.903350769827671707e-01,1.027990689575782914e-02
7.000000000000001776e-01,9.000000000000001332e-01,-2.537546723768555057e-01,3.694538062052755284e-02
8.000000000000000444e-01,9.000000000000001332e-01,-1.748536021105709382e-01,6.713462685138496533e-02
9.000000000000001332e-01,9.000000000000001332e-01,-8.430329186024743127e-02,8.084890749102477403e-02
1.000000000000000000e+00,9.000000000000001332e-01,2.711264248575512986e-02,9.318895576175498241e-02
-1.000000000000000000e+00,1.000000000000000000e+00,3.621731844041296139e-02,2.303401781402248522e-02
-9.000000000000000222e-01,1.000000000000000000e+00,1.489407025490750158e-01,1.852981355388412868e-02
-8.000000000000000444e-01,1.000000000000000000e+00,2.481464694321330322e-01,4.188830292971493577e-03
-6.999999999999999556e-01,1.000000000000000000e+00,3.179637948374155476e-01,-9.427884733738779027e-03
-5.999999999999999778e-01,1.000000000000000000e+00,3.590314134557477943e-01,-2.201885543680000973e-02
-5.000000000000000000e-01,1.000000000000000000e+00,3.583136633938356352e-01,-3.024818979325518548e-02
-3.999999999999999112e-01,1.000000000000000000e+00,3.367033091128028843e-01,-3.821248498242416081e-02
-2.999999999999999334e-01,1.000000000000000000e+00,2.791711984654787759e-01,-4.342443005473400203e-02
-1.999999999999999556e-01,1.000000000000000000e+00,1.968495412347086859e-01,-4.638404094875705347e-02
-9.999999999999997780e-02,1.000000000000000000e+00,9.529769569528245832e-02,-5.076322170324745753e-02
0.000000000000000000e+00,1.000000000000000000e+00,-3.993783665502521028e-03,-4.013699484204298618e-02
1.000000000000000888e-01,1.000000000000000000e+00,-1.098943129825605963e-01,-3.344342550049264617e-02
2.000000000000001776e-01,1.000000000000000000e+00,-1.996018090147998747e-01,-2.499329904281020337e-02
3.000000000000000444e-01,1.000000000000000000e+00,-2.768743927984238518e-01,-1.159477872622663268e-02
4.000000000000001332e-01,1.000000000000000000e+00,-3.248343396976344777e-01,-3.098734917656016837e-03
5.000000000000000000e-01,1.000000000000000000e+00,-3.383716556078651405e-01,3.598983956597041206e-03
6.000000000000000888e-01,1.000000000000000000e+00,-3.168550901983278045e-01,1.620800099116160783e-02
7.000000000000001776e-01,1.000000000000000000e+00,-2.688373936036115852e-01,1.328282210186289281e-02
8.000000000000000444e-01,1.000000000000000000e+00,-1.773450633088166917e-01,1.363158560498621899e-02
9.000000000000001332e-01,1.000000000000000000e+00,-8.254412557894610925e-02,1.074274414150330585e-02
1.000000000000000000e+00,1.000000000000000000e+00,3.621731844041296139e-02,2.303401781402248522e-02
